0
0
0
0
0
0
0
0
0
0
0
0
0
0
0
0
0
0
0
0
0
0
0
0
0
0
0
0
0
0
0
0
0
0
0
0
0
0
0
0
0
0
0
0
0
0
0
0
0
0
0
0
0
0
0
0
0
0
0
0
0
0
0
0
0
0
0
0
0
0
0
0
0
0
0
0
0
0
0
0
0
0
0
0
0
0
0
0
0
0
0
0
0
0
0
0
0
0
0
0
0
0
0
0
0
0
0
0
0
0
0
0
0
0
0
0
0
0
0
0
0
0
0
0
0
0
0
0
0
0
0
0
0
0
0
0
0
0
0
0
0
0
0
0
0
0
0
0
0
0
0
0
1
0
0
0
2
17
40
33
38
47
42
36
45
37
40
40
49
47
51
38
39
51
47
41
36
49
39
40
39
48
43
52
53
41
39
30
48
47
38
47
48
41
50
61
55
41
53
38
44
35
43
54
43
49
57
37
46
51
35
39
44
31
42
41
44
45
41
44
48
51
55
46
54
40
45
43
57
49
56
57
67
59
55
52
54
72
50
56
58
61
56
57
55
68
49
52
65
64
68
69
68
83
66
75
63
80
76
82
82
90
76
75
94
76
100
84
91
79
79
83
76
79
71
78
75
78
65
80
79
66
61
65
60
52
76
79
73
62
70
81
73
66
58
65
71
59
50
70
56
46
82
65
72
59
49
63
57
55
58
63
58
60
56
62
50
64
68
64
47
59
54
61
65
58
69
74
52
63
69
58
63
60
65
73
51
57
65
82
72
59
71
58
44
73
61
72
72
67
55
70
57
68
60
75
61
75
68
68
57
81
78
57
60
47
74
62
71
74
62
70
75
60
73
60
69
72
62
63
75
60
68
77
71
56
65
72
62
68
53
63
81
67
58
72
66
72
68
65
73
52
73
69
56
68
77
69
61
68
73
59
61
80
68
68
59
59
64
65
60
61
73
59
74
66
70
60
59
66
61
78
78
77
79
70
65
70
57
64
61
72
71
69
57
65
74
65
73
62
63
68
66
65
72
71
67
61
66
63
61
63
56
62
60
78
65
72
58
85
58
64
58
65
83
73
86
71
80
56
83
71
60
73
56
65
70
70
74
84
78
83
81
79
68
79
73
53
76
74
75
68
87
94
73
91
86
78
100
84
89
73
68
86
103
105
93
94
79
107
92
83
78
85
89
112
102
94
99
98
90
73
84
78
103
103
113
86
94
105
99
94
89
113
106
85
99
100
86
79
89
98
76
105
77
87
94
89
82
99
100
85
83
69
85
97
77
80
94
84
92
71
77
90
74
84
99
90
95
80
71
77
83
81
77
74
91
89
75
84
75
76
90
88
86
80
96
78
90
79
76
66
93
78
80
64
75
73
60
73
61
76
74
75
71
76
70
80
67
90
72
72
67
72
72
79
74
81
66
79
61
69
71
77
68
75
74
64
73
58
63
65
75
66
80
67
71
62
73
62
63
78
57
55
73
69
68
64
60
60
76
71
66
76
59
49
57
60
56
67
68
71
51
59
52
62
51
66
55
56
48
58
51
56
61
59
62
47
77
53
56
59
60
45
55
59
59
45
63
61
58
67
68
56
47
48
54
44
59
49
58
45
46
55
48
57
45
40
53
51
68
63
51
45
45
45
60
62
56
46
44
68
53
47
55
53
64
55
45
63
48
53
42
39
53
58
47
60
51
45
51
40
50
61
51
57
47
50
43
39
41
50
37
60
51
55
45
51
48
55
39
47
47
34
48
64
63
56
54
53
51
37
49
53
53
44
46
40
46
42
51
45
50
48
39
50
59
52
37
34
61
51
48
29
41
42
49
43
41
61
44
43
44
41
43
37
31
38
41
45
45
47
59
44
47
37
65
41
48
52
54
41
55
45
37
42
43
38
45
46
53
47
45
43
47
49
41
51
44
32
56
40
34
36
42
55
35
37
44
56
35
51
51
41
56
55
49
48
45
35
38
30
41
50
36
41
50
42
41
39
30
32
40
44
41
42
37
31
28
34
34
36
34
33
23
36
40
38
32
31
32
36
39
36
26
34
30
22
29
37
25
39
33
44
42
32
23
34
34
24
40
30
28
32
29
36
26
25
27
33
27
31
25
21
29
29
30
26
26
35
33
32
32
29
28
23
21
28
41
30
21
26
21
17
19
24
27
30
30
21
26
23
26
24
19
14
22
27
23
21
25
29
23
27
29
21
24
26
18
28
18
21
17
16
28
24
12
13
19
27
21
14
16
20
16
22
23
19
18
18
28
16
20
19
11
16
19
23
16
36
18
17
14
12
15
15
21
11
19
21
20
14
25
20
22
19
17
7
14
18
28
17
13
23
15
15
17
19
13
16
15
14
16
14
19
22
19
16
21
17
12
10
13
19
25
14
20
26
15
20
24
16
21
23
18
17
19
23
20
14
10
12
14
16
16
16
19
17
18
10
11
13
18
14
15
10
16
17
16
16
20
18
15
20
12
12
21
17
23
14
20
16
15
5
14
14
15
16
16
13
17
12
14
11
22
11
14
14
13
13
12
13
14
19
17
16
10
19
17
9
14
16
16
13
20
11
18
11
7
17
12
11
14
13
8
11
19
13
16
14
13
9
20
16
14
15
20
16
12
11
12
17
16
18
18
11
13
10
13
19
18
22
16
19
15
11
5
21
10
11
9
12
12
11
17
16
19
19
20
24
20
13
19
19
14
12
11
14
23
15
5
17
13
12
19
19
21
28
13
24
16
17
15
19
9
18
12
25
16
17
21
16
20
17
11
16
16
15
21
18
20
15
19
27
21
22
21
24
15
34
27
26
27
20
20
24
37
29
25
21
31
32
28
35
32
38
42
26
31
39
24
31
33
43
36
30
41
54
43
45
63
50
39
64
47
53
57
51
71
60
64
62
67
74
60
64
75
81
83
96
70
79
100
106
88
79
92
115
101
111
114
122
102
101
121
123
141
134
141
116
156
122
123
128
124
143
164
165
137
163
175
163
161
178
173
172
175
171
168
161
181
180
181
191
190
200
195
191
212
184
207
217
205
228
214
232
217
213
216
201
234
220
211
205
218
212
233
196
218
239
213
231
231
211
212
218
209
247
217
207
199
215
187
195
193
234
231
222
216
198
223
197
215
201
198
209
223
193
181
183
222
164
178
168
169
160
139
156
180
147
163
144
147
141
133
155
121
134
121
126
129
117
134
104
122
101
91
115
94
94
89
86
113
82
80
67
93
71
68
75
52
70
78
64
67
69
61
52
58
61
66
49
47
39
40
54
39
44
48
40
36
35
32
26
30
28
24
36
27
24
22
23
17
28
20
20
20
23
23
22
16
22
16
21
13
12
15
18
15
17
19
10
8
5
11
10
12
7
15
8
11
11
10
10
9
12
8
7
7
5
11
7
8
10
8
7
7
8
7
14
6
7
7
10
4
10
9
7
3
8
10
6
5
10
9
10
9
4
8
4
4
7
12
5
7
10
8
2
6
10
12
5
12
6
3
6
6
5
3
6
5
9
10
6
7
6
5
9
2
6
8
12
8
8
6
7
10
6
5
7
8
6
8
11
10
8
8
3
8
9
5
6
14
8
6
9
7
8
6
1
8
5
9
8
7
6
11
5
4
3
7
5
12
5
8
6
8
7
2
3
5
8
5
7
10
5
7
5
6
7
4
8
5
7
9
15
7
7
5
9
7
5
6
5
7
6
9
8
3
6
9
10
8
8
5
7
8
2
7
7
6
13
7
3
4
3
6
2
11
6
8
7
7
3
6
7
10
8
5
14
5
5
6
7
5
4
10
7
5
4
7
5
8
3
9
14
3
7
3
3
6
7
7
8
4
7
5
7
7
6
8
7
11
4
6
10
6
6
10
6
12
6
10
6
9
6
4
5
7
5
6
8
5
8
10
5
2
9
8
9
7
14
11
5
6
3
7
7
5
6
11
14
3
7
6
5
9
9
9
7
9
6
3
12
3
9
7
5
5
8
10
9
3
6
8
5
8
10
6
3
3
7
16
4
6
3
5
4
9
7
4
5
5
6
7
12
7
7
5
5
2
3
8
6
3
6
5
8
8
5
7
11
5
2
6
7
9
7
6
7
9
3
0
4
6
6
4
12
7
8
7
12
7
6
5
8
4
5
9
8
8
4
5
5
13
5
4
5
6
9
11
1
5
3
6
5
10
2
7
7
8
5
6
5
11
5
9
9
6
7
5
11
5
9
7
7
7
10
3
6
12
5
2
5
7
7
5
5
4
8
3
3
7
9
11
3
9
7
8
8
5
7
6
6
7
9
6
6
4
9
8
10
8
7
5
12
7
5
11
6
7
5
9
7
4
2
5
10
8
5
5
6
8
7
4
6
9
8
4
8
5
3
8
7
7
5
9
7
6
7
6
11
9
5
5
10
3
7
4
7
10
3
6
4
7
4
3
6
7
4
12
9
5
10
5
6
5
11
8
9
9
13
9
6
7
7
3
7
11
6
6
9
8
7
5
5
6
8
10
7
7
7
15
6
4
5
5
4
5
13
7
11
4
4
5
6
4
6
4
8
2
5
10
12
12
2
7
8
9
9
4
7
10
12
6
8
10
5
9
10
12
5
4
4
8
6
6
8
5
8
7
5
10
6
4
8
5
6
6
4
7
5
10
9
14
3
10
8
8
8
9
7
4
8
5
9
9
6
5
13
11
7
4
10
7
5
6
8
7
13
3
2
7
10
10
4
9
7
7
6
3
3
8
6
8
7
10
5
6
10
10
6
11
6
7
8
7
5
6
8
8
9
9
5
5
2
7
7
13
7
6
6
10
6
7
8
7
6
7
6
5
5
11
6
6
12
8
6
10
13
5
8
7
11
10
8
5
6
7
10
9
8
9
5
7
11
5
12
6
10
4
9
10
10
7
9
6
7
10
6
5
8
8
9
5
3
6
7
12
7
9
9
9
5
5
11
7
5
5
5
5
7
6
13
12
8
4
8
6
3
6
3
11
7
12
13
5
8
4
8
7
11
5
7
8
5
9
4
9
10
7
6
14
9
5
12
5
9
12
10
7
6
4
8
6
7
6
6
2
6
8
5
8
12
17
8
9
4
7
12
12
8
9
17
7
4
8
8
4
8
10
6
5
7
8
6
9
9
4
7
12
10
5
7
4
3
8
12
6
6
4
11
11
7
11
5
5
7
13
10
9
8
9
6
11
4
10
12
7
10
9
10
8
4
10
4
3
11
3
4
8
9
8
12
9
14
4
6
4
8
8
7
6
5
12
9
6
12
13
11
3
6
6
7
12
9
7
9
9
9
11
5
8
6
12
5
9
10
9
6
7
5
11
13
12
10
8
7
7
9
6
12
5
7
13
9
10
8
4
10
3
14
11
8
4
7
8
7
4
8
8
12
6
16
7
6
3
12
10
13
7
9
5
7
7
9
10
13
5
12
11
8
10
11
9
11
12
13
11
8
8
10
10
5
5
5
8
8
9
2
4
9
5
14
1
6
7
3
14
7
10
6
4
11
9
11
4
10
7
9
6
12
12
11
13
9
11
14
9
5
17
12
11
8
9
3
10
3
11
15
13
14
18
6
6
9
14
9
6
5
7
11
9
12
7
11
9
13
9
7
10
11
10
9
3
13
6
6
13
9
7
14
6
11
6
8
12
9
6
6
9
11
13
9
7
3
10
6
8
7
5
12
6
7
10
13
6
5
9
14
8
4
15
11
5
8
8
6
5
16
6
6
8
8
9
7
8
8
10
7
9
5
8
5
10
5
9
10
12
8
5
8
8
10
13
10
6
7
4
5
7
7
10
7
8
8
9
5
10
5
12
2
8
12
10
8
6
3
10
7
4
10
9
7
7
6
2
11
9
11
3
7
5
7
7
6
12
6
6
6
11
7
11
11
6
8
2
6
11
5
8
3
6
8
6
9
7
4
8
7
11
8
9
4
3
4
6
9
10
9
5
7
2
4
5
6
6
7
6
6
6
7
6
5
5
6
4
10
7
2
9
5
6
9
6
7
6
7
5
4
5
9
6
7
6
6
4
4
7
3
6
8
7
5
5
4
4
7
6
4
6
6
2
0
5
4
4
3
4
6
8
4
5
3
9
6
2
5
2
3
1
5
5
7
0
4
3
1
2
1
3
6
4
0
4
3
4
2
2
1
4
1
5
7
3
2
6
4
3
3
5
3
4
2
2
1
5
0
2
2
3
6
2
4
4
4
0
3
1
5
2
5
1
3
2
3
3
5
6
1
2
3
4
2
2
3
4
5
2
2
0
4
1
1
3
2
3
4
1
2
2
1
0
1
4
2
1
3
1
1
1
1
1
2
5
1
1
3
4
2
4
1
5
0
3
1
1
2
1
4
3
1
1
3
2
1
2
5
2
0
1
0
2
4
3
3
2
1
3
1
1
3
1
0
3
2
2
1
2
0
1
1
6
3
1
1
5
1
2
2
1
1
4
1
0
0
1
2
1
1
2
1
0
3
2
4
2
2
3
5
2
0
0
3
0
3
4
0
1
1
2
0
3
1
2
1
4
1
1
2
3
1
2
0
3
1
1
2
0
0
0
3
1
3
1
1
0
1
3
1
1
1
2
0
0
1
2
2
2
1
2
0
1
0
2
1
1
0
1
5
5
1
0
2
3
3
0
1
1
3
1
0
3
0
0
1
0
2
1
0
0
3
2
1
4
2
1
3
1
0
1
0
0
2
1
1
3
1
2
1
0
0
2
4
2
0
1
5
1
3
2
3
2
2
3
1
1
2
0
2
5
3
4
1
1
2
3
2
1
1
4
2
2
1
6
1
4
4
3
3
4
3
1
3
5
3
1
3
0
5
2
2
1
5
5
4
5
4
2
7
5
4
4
4
3
4
4
4
2
10
3
4
8
2
8
6
8
6
8
7
5
3
4
8
6
3
7
8
3
8
5
5
10
8
4
4
6
12
5
7
1
4
9
6
9
9
10
9
10
7
9
13
12
7
6
15
8
16
15
10
11
5
17
5
12
9
20
16
10
8
10
15
13
15
21
13
12
19
9
15
11
10
20
16
14
12
18
11
15
18
11
20
24
28
20
13
12
8
29
22
17
22
24
17
23
24
18
17
18
24
13
22
24
14
25
23
16
24
26
36
31
34
29
21
18
19
19
21
27
24
25
35
23
30
29
25
29
31
29
25
33
28
36
35
24
33
24
25
31
29
26
28
17
24
28
26
25
28
28
35
22
24
18
22
33
26
28
36
26
40
25
33
36
28
27
36
30
26
28
28
40
27
29
25
34
32
30
28
23
35
35
26
25
26
26
26
31
28
23
18
26
17
20
25
27
26
24
21
26
23
18
26
30
21
22
17
19
21
18
19
24
23
22
18
17
29
20
20
15
22
22
20
16
21
13
31
18
26
15
19
12
23
11
14
21
14
10
23
26
15
12
11
9
15
16
13
14
17
14
10
15
17
12
14
12
13
11
16
11
6
13
5
12
12
9
10
11
8
13
9
7
15
12
6
6
7
8
14
8
9
11
10
6
7
5
10
6
9
6
8
2
7
9
4
6
3
5
8
3
9
2
1
5
6
7
7
0
3
4
1
4
2
3
3
2
4
4
2
4
2
2
4
6
1
4
3
3
1
1
2
1
0
1
0
1
5
2
2
5
1
1
1
0
1
1
0
2
2
1
2
2
1
0
3
1
3
0
3
0
2
0
0
0
1
1
1
1
0
1
1
0
1
1
0
0
0
0
1
1
1
0
2
1
0
1
2
1
1
1
1
0
0
1
0
0
0
1
0
0
0
0
0
1
0
0
0
1
0
1
0
0
0
1
0
0
0
1
0
1
0
0
0
0
0
0
0
0
0
0
0
0
0
0
0
0
1
1
0
2
0
0
0
0
1
0
0
0
0
1
0
0
0
0
0
1
0
1
0
0
0
1
0
1
0
0
1
0
1
0
0
1
0
0
0
0
0
0
0
0
0
0
0
0
0
0
0
0
0
0
0
1
0
0
0
0
0
0
0
0
0
0
2
0
0
0
0
1
0
0
0
0
0
0
0
1
1
0
1
0
1
0
0
0
0
1
0
1
3
0
1
1
0
1
0
1
0
1
3
0
0
0
0
0
0
0
1
0
0
0
1
0
0
0
1
0
0
1
1
0
0
0
0
0
0
1
2
0
1
0
1
2
0
1
0
0
0
0
0
0
0
0
0
1
0
3
0
0
0
1
0
1
0
1
1
2
0
3
3
0
1
1
1
0
1
1
0
0
2
2
1
0
0
2
0
0
0
0
1
1
1
0
0
0
0
0
2
0
2
0
1
1
0
0
0
0
0
0
0
0
0
1
0
3
2
0
0
0
0
1
0
0
0
1
1
0
0
0
2
1
0
0
1
1
0
0
0
0
0
0
0
1
0
1
1
1
1
0
0
0
1
0
0
0
2
0
0
1
0
0
1
0
1
0
0
0
0
0
0
0
0
0
1
0
0
1
0
0
0
0
0
1
0
2
0
1
1
0
0
1
0
0
1
0
0
0
0
0
1
0
0
1
1
0
1
0
1
0
0
0
0
1
0
0
0
0
1
0
0
0
1
0
0
0
0
0
0
0
0
0
1
0
0
0
0
0
0
0
0
0
1
0
0
0
1
0
1
1
0
0
0
0
0
0
2
0
0
0
0
0
0
0
0
0
0
0
0
0
0
1
0
0
0
0
0
0
0
0
1
0
0
0
0
1
1
0
0
0
0
0
0
0
0
0
0
1
0
0
1
0
0
0
0
0
0
0
0
1
0
0
0
0
1
0
0
1
0
0
0
0
0
0
0
0
0
0
1
0
1
0
1
1
0
0
0
0
0
0
0
0
0
0
0
0
0
1
0
0
0
0
0
0
0
0
0
0
0
0
0
0
1
0
0
0
0
0
0
0
0
0
0
1
0
1
0
0
0
0
0
0
0
0
0
0
0
0
0
0
0
0
0
0
1
0
0
0
0
0
0
0
0
0
0
0
0
0
0
0
0
0
0
0
0
0
0
0
0
0
0
0
0
0
0
0
0
0
0
0
0
0
0
0
0
0
0
0
0
0
0
0
0
0
0
0
0
0
0
1
0
0
0
0
0
0
0
0
0
0
0
0
0
0
0
0
0
0
0
0
0
0
0
0
0
0
0
0
0
0
1
0
0
0
1
0
0
1
0
0
1
0
1
0
0
0
1
0
0
0
0
0
1
0
0
0
0
0
0
0
0
0
0
1
0
0
0
0
0
0
1
0
0
0
0
0
0
0
0
0
0
0
0
1
0
0
0
0
0
0
1
0
0
0
0
0
0
0
0
0
0
0
0
0
0
0
0
0
0
0
0
0
0
0
0
0
0
1
0
0
0
0
0
1
0
0
1
0
0
1
0
0
0
0
0
0
0
0
0
0
0
0
0
0
0
0
0
0
0
0
0
0
0
0
0
0
0
0
0
0
0
0
0
0
0
0
1
0
0
0
0
0
0
0
0
0
0
0
0
0
0
0
0
0
0
0
1
0
0
0
0
1
0
0
0
0
0
0
0
0
1
0
0
1
0
0
0
0
0
0
1
0
0
0
0
0
0
0
0
0
0
0
0
0
0
0
1
0
0
0
0
0
0
0
0
0
0
0
0
0
0
0
0
0
0
0
0
0
0
0
0
0
0
0
0
0
0
0
0
0
0
0
1
0
0
0
1
0
0
0
0
0
0
0
0
1
0
0
0
0
0
0
0
0
0
0
0
0
1
0
0
1
0
0
0
0
0
0
0
0
0
0
0
1
0
0
0
0
0
0
0
1
0
1
0
0
0
0
0
0
0
0
0
1
0
0
0
0
0
0
0
0
0
0
0
1
0
0
0
1
0
0
0
0
0
1
0
0
0
0
0
0
0
1
1
0
0
0
0
0
0
0
0
0
0
0
0
0
0
0
0
0
0
0
0
0
0
0
0
0
0
0
0
0
0
0
0
0
1
0
0
1
0
0
0
0
0
0
0
0
0
0
0
0
0
0
0
0
0
0
0
0
0
0
0
0
0
0
0
0
0
0
0
0
1
0
0
0
0
0
0
0
0
0
0
1
0
0
0
0
0
0
0
0
0
0
0
0
0
0
0
1
0
1
0
0
1
0
0
0
1
0
0
0
0
0
0
1
1
1
0
0
1
0
0
0
0
0
0
0
0
0
1
0
0
0
0
0
0
0
0
0
0
0
0
0
0
0
0
0
0
0
0
0
1
1
0
0
0
0
0
0
0
0
0
0
0
0
0
0
0
0
0
0
0
0
0
0
0
0
0
0
0
0
0
0
0
0
0
0
1
0
0
0
0
1
0
0
1
0
0
0
0
0
0
0
0
0
0
0
0
0
0
0
0
0
0
0
0
0
0
0
0
0
0
0
0
0
0
0
0
1
0
0
1
0
0
0
0
0
0
0
0
0
0
0
1
0
0
0
0
0
0
0
0
0
0
0
0
1
0
0
0
0
0
0
0
0
0
0
0
0
0
0
0
0
1
0
0
0
0
0
0
0
0
1
0
0
0
0
0
0
0
0
0
0
0
1
0
0
0
0
0
0
0
0
0
0
0
0
0
0
0
1
0
0
0
0
0
0
0
0
0
1
0
0
0
0
0
0
0
0
0
0
0
0
0
0
0
0
0
0
0
0
0
0
0
0
0
0
0
0
0
0
0
0
0
0
0
0
0
0
0
0
0
0
0
0
0
0
0
0
0
0
0
0
0
0
0
0
0
0
0
0
0
0
0
0
0
0
0
0
0
0
0
0
0
0
0
0
0
0
0
0
0
0
0
0
0
0
0
0
0
0
1
0
0
0
0
0
1
0
0
0
0
0
0
0
0
0
0
0
0
0
0
0
0
0
0
0
0
0
0
0
0
0
0
0
0
0
0
0
0
0
0
0
1
0
0
0
0
0
0
0
0
0
0
0
0
0
0
0
0
0
0
0
0
0
0
0
0
0
0
0
0
0
0
0
0
0
0
0
0
0
0
0
0
0
0
0
0
0
0
1
0
0
0
0
0
0
0
0
0
0
0
0
0
0
0
0
0
0
0
0
0
0
0
0
0
0
0
0
0
0
0
0
0
0
0
0
0
0
0
0
0
0
0
0
0
0
0
0
0
0
0
0
0
0
0
0
0
0
0
0
0
0
0
0
0
0
0
0
0
0
0
0
0
0
0
0
1
0
0
0
0
1
0
0
0
0
0
0
0
0
0
0
0
0
0
0
0
0
0
0
0
0
0
0
0
0
0
0
0
0
0
0
0
0
0
0
0
0
0
0
0
0
0
0
0
0
0
0
0
0
0
0
0
0
0
0
0
0
0
0
0
0
0
0
0
0
0
0
0
0
0
0
0
0
0
0
0
0
0
0
0
0
0
0
0
0
0
0
0
0
0
0
0
0
0
0
0
0
0
0
0
0
0
0
0
0
0
0
0
1
0
0
0
0
0
0
0
0
1
0
0
0
0
0
0
0
0
0
0
0
0
0
0
0
0
1
0
0
0
0
0
0
0
0
0
0
0
1
0
1
0
0
0
0
0
0
0
0
0
0
0
0
0
0
0
0
0
0
0
0
0
0
0
0
0
0
0
0
0
0
0
0
1
0
0
0
0
0
0
0
0
0
0
1
0
0
0
0
0
0
0
0
0
0
0
0
1
0
0
0
0
0
0
0
0
0
0
0
0
0
0
0
0
0
0
0
0
0
0
0
0
0
0
0
0
0
0
0
0
0
0
0
0
0
0
0
0
0
0
0
1
0
1
0
0
0
0
0
0
0
0
1
0
0
0
0
0
0
0
0
0
0
0
0
0
1
0
0
0
0
0
0
0
0
0
0
0
0
0
0
0
0
0
0
0
0
0
0
0
0
0
0
0
0
0
0
0
0
0
0
0
0
0
0
0
0
0
0
0
0
0
0
0
0
0
0
0
0
0
0
0
0
0
0
0
0
0
0
0
0
0
0
0
0
0
0
0
1
0
0
0
0
0
0
0
0
0
0
0
0
1
0
0
0
0
0
0
0
1
0
0
0
0
0
0
0
0
0
0
0
0
0
0
0
0
0
0
0
0
0
0
0
1
0
0
0
0
0
0
0
0
0
0
0
0
0
0
0
0
0
0
0
0
0
0
0
0
0
0
0
0
0
0
0
0
0
0
0
0
0
0
0
0
0
0
0
0
0
0
0
0
0
1
0
0
0
0
0
0
0
0
0
0
0
0
0
0
0
0
0
0
0
1
0
1
0
0
0
0
1
0
0
0
0
0
0
0
0
0
0
0
0
0
0
0
0
0
0
0
0
0
0
0
1
0
0
0
0
0
0
0
1
0
0
0
0
0
0
0
0
0
0
0
0
0
0
0
0
0
0
0
0
0
0
0
0
0
0
0
0
0
0
0
0
0
0
0
0
0
0
0
0
0
0
0
0
0
0
0
0
0
0
0
0
0
0
1
0
0
0
0
0
0
0
0
0
0
0
0
0
0
0
0
0
0
0
1
0
0
0
1
0
0
0
0
0
0
0
0
0
0
0
0
0
0
0
0
0
0
0
0
0
0
0
0
0
0
0
0
0
0
0
0
0
0
0
0
0
0
0
0
0
0
0
0
0
0
0
0
0
0
0
0
0
0
0
0
0
0
0
0
0
0
0
0
0
0
0
0
0
0
0
0
0
0
0
0
0
0
0
1
0
0
0
0
0
0
0
0
0
0
0
0
0
0
0
0
0
0
0
0
0
0
0
0
0
0
0
0
0
0
0
0
0
0
0
0
0
0
0
0
0
0
0
0
0
0
0
0
0
1
0
0
0
0
0
0
0
0
1
0
0
0
0
0
0
0
0
0
0
0
0
0
1
0
0
0
0
0
0
0
0
0
0
0
1
0
0
0
0
0
0
0
0
0
0
0
0
0
0
0
0
0
0
0
0
0
0
0
0
0
0
0
0
0
0
0
0
0
0
0
0
0
0
0
0
0
0
0
0
0
0
0
0
0
0
0
0
0
0
0
0
0
0
0
0
0
0
0
0
0
0
0
0
0
0
0
0
0
0
0
0
0
0
0
0
0
0
0
0
0
0
0
0
0
0
0
0
0
0
0
0
0
0
0
0
0
0
0
0
0
0
0
0
0
0
0
0
0
0
0
0
0
0
0
0
0
0
0
0
0
0
0
0
0
0
0
0
0
0
0
0
0
0
0
0
0
0
0
0
0
0
0
0
0
0
0
0
0
0
0
0
0
0
0
0
0
0
0
0
0
0
0
0
0
0
0
0
0
0
0
0
0
0
0
0
0
0
0
0
0
0
0
0
1
0
0
0
0
0
0
0
0
0
0
0
0
0
0
0
0
0
0
0
0
0
0
0
0
0
0
0
0
0
1
0
0
0
0
0
0
0
0
0
0
0
0
0
0
0
0
0
0
0
0
0
0
0
0
0
0
0
0
0
0
0
0
0
0
0
0
0
0
0
0
0
0
0
0
0
0
0
0
0
0
0
0
0
0
0
0
0
0
0
0
0
0
0
0
0
0
0
1
0
0
0
0
0
0
0
0
0
0
0
0
0
0
0
0
0
0
0
0
0
0
0
0
0
0
0
0
0
0
0
0
0
0
0
0
0
0
0
0
0
0
0
0
0
0
0
0
0
0
0
0
0
1
0
0
0
0
0
0
0
0
0
0
0
0
0
0
0
0
0
0
0
0
0
0
0
0
0
0
0
0
0
0
0
0
0
0
0
0
0
0
0
0
1
0
0
0
0
0
0
0
0
0
0
0
0
0
0
0
0
0
0
0
0
0
0
0
0
0
0
0
0
0
0
0
0
0
0
0
0
0
0
0
0
0
0
0
0
0
0
0
0
0
0
0
0
0
0
0
0
0
0
0
0
0
0
0
0
0
0
0
0
0
0
0
0
0
0
0
0
0
0
0
0
0
0
0
0
0
0
0
0
0
0
0
1
0
0
0
0
0
0
0
0
0
0
0
0
0
0
0
0
0
0
0
0
0
0
0
0
0
0
0
0
0
0
0
0
0
0
0
0
0
0
0
0
0
0
0
0
0
0
0
0
0
0
0
0
0
0
0
0
0
0
0
0
0
0
0
0
0
0
0
0
0
0
0
0
0
0
0
0
0
0
0
0
0
0
0
0
0
0
0
0
0
0
0
0
0
0
0
0
0
0
0
0
0
0
0
0
0
0
0
0
0
0
0
0
1
0
0
0
1
0
0
0
0
0
1
0
0
0
0
0
0
0
0
0
0
0
0
0
0
0
0
0
0
0
0
0
0
0
0
0
0
0
0
0
0
0
0
0
0
0
0
0
0
0
1
0
0
0
0
0
0
0
0
0
0
0
0
0
0
0
0
0
0
0
0
0
0
0
0
0
0
0
0
0
0
0
0
0
0
0
0
0
0
1
1
0
0
0
0
0
0
0
0
0
0
0
0
0
0
0
0
0
0
0
0
0
0
0
0
0
0
0
0
0
0
0
0
0
0
0
0
0
0
0
0
0
0
0
0
0
0
0
0
0
0
0
0
0
0
0
0
0
0
0
0
0
0
0
0
0
0
0
0
0
0
0
0
0
0
0
0
0
0
0
0
0
0
0
0
0
0
0
0
0
0
0
0
0
0
0
0
0
0
0
0
1
0
0
0
0
0
0
0
0
0
0
0
0
0
0
0
0
0
1
0
0
0
0
0
0
0
0
0
0
0
1
0
0
0
0
0
0
0
0
0
0
0
0
0
0
0
0
0
0
0
0
0
0
0
0
0
0
0
0
0
0
0
0
0
0
0
0
0
0
0
0
0
0
0
0
0
0
0
0
0
0
0
0
0
0
0
0
0
0
0
0
0
0
0
0
0
0
0
0
0
0
0
0
0
0
0
0
0
0
0
0
0
0
0
0
0
0
0
0
0
0
0
0
0
0
0
0
0
0
0
0
0
0
0
0
0
0
0
0
0
0
0
0
0
0
0
0
0
0
0
0
0
0
0
0
0
0
0
0
0
0
0
0
0
0
0
0
0
0
0
0
0
0
0
0
0
0
0
0
0
0
0
0
0
0
0
0
0
0
0
0
0
0
0
0
0
0
0
0
0
0
0
0
0
0
0
0
0
0
0
0
0
0
0
0
0
0
0
0
0
0
0
0
0
0
0
0
0
0
0
0
0
0
0
0
0
0
0
0
0
0
0
0
0
0
0
0
0
0
0
0
0
0
0
0
0
0
0
0
0
0
0
0
0
0
0
0
0
0
0
0
0
0
0
0
0
0
0
0
0
0
0
0
0
0
0
0
0
0
0
0
0
0
0
0
1
0
0
0
0
0
0
0
0
0
0
0
0
0
0
0
0
0
0
0
0
0
0
0
0
0
0
0
0
0
0
0
0
0
0
0
0
0
0
0
0
0
0
0
0
0
0
0
0
0
0
0
0
0
0
0
0
0
0
0
0
0
0
0
0
0
0
0
0
0
0
0
0
0
0
0
0
0
0
0
0
0
0
0
0
0
0
0
0
0
0
0
0
0
0
0
0
0
0
0
0
0
0
0
0
0
0
0
0
0
0
0
0
0
0
0
0
0
0
0
0
0
0
0
0
0
0
0
0
0
0
0
0
0
0
0
0
0
0
0
0
0
0
0
0
0
0
0
0
0
0
0
0
0
0
0
0
0
0
0
0
0
0
0
0
0
0
0
0
0
0
0
0
0
0
0
0
0
0
0
0
0
0
0
0
0
0
0
0
0
0
0
0
0
0
0
0
0
0
0
0
0
0
0
0
0
0
0
0
0
0
0
0
0
0
0
0
0
0
0
0
0
0
0
0
0
0
0
0
0
0
0
0
0
0
0
0
0
0
0
0
0
0
0
0
0
0
0
0
0
0
0
0
0
0
0
0
0
0
0
0
0
0
0
0
0
0
0
0
0
0
0
0
0
0
0
0
0
0
0
0
0
0
0
0
0
0
0
0
0
0
0
0
0
0
0
0
0
0
0
0
0
0
0
0
0
0
0
0
0
0
0
0
0
0
0
0
0
0
0
0
0
0
0
0
0
0
0
0
0
0
0
0
0
0
0
0
0
0
0
0
0
0
0
0
0
0
0
0
0
0
0
0
0
0
0
0
0
0
0
0
0
0
0
0
0
0
0
0
0
0
0
0
0
0
0
0
0
0
0
0
0
0
0
0
0
0
0
0
0
0
0
0
0
0
0
0
0
0
0
0
0
0
0
0
0
0
0
0
0
0
0
0
0
0
0
0
0
0
0
0
0
0
0
0
0
0
0
0
0
0
0
0
0
0
0
0
0
0
0
0
0
0
0
0
0
0
0
0
0
0
0
0
0
0
0
0
0
0
0
0
0
0
0
0
0
0
0
0
0
0
0
0
0
0
0
0
0
0
0
0
0
0
0
0
0
0
0
0
0
0
0
0
0
0
0
0
0
0
0
0
0
0
0
0
0
0
0
0
0
0
0
0
0
0
0
0
0
0
0
0
0
0
0
0
0
0
0
0
0
0
0
0
0
0
0
0
0
0
0
0
0
0
0
0
0
0
0
0
0
0
0
0
0
0
0
0
0
0
0
0
0
0
0
0
0
0
0
0
0
0
0
0
0
0
0
0
0
0
0
0
0
0
0
0
0
0
0
0
0
0
0
0
0
0
0
0
0
0
0
0
0
0
0
0
0
0
0
0
0
0
0
0
0
0
0
0
0
0
0
0
0
0
0
0
0
0
0
0
0
0
0
0
0
0
0
0
0
0
0
0
0
0
0
0
0
0
0
0
0
0
0
0
0
0
0
0
0
1
0
0
0
0
0
0
0
0
0
0
0
0
0
0
0
0
0
0
0
0
0
0
0
0
0
0
0
0
0
0
0
0
0
0
0
0
0
0
0
0
0
0
0
0
0
0
0
0
0
0
0
0
0
0
0
0
0
0
0
0
0
0
0
0
0
0
0
0
0
0
0
0
0
0
0
0
0
0
0
0
0
0
0
0
0
0
0
0
0
0
0
0
0
0
0
0
0
0
0
0
0
0
0
0
0
0
0
0
0
0
0
0
0
0
0
0
0
0
0
0
0
0
0
0
0
0
0
0
0
0
0
0
0
0
0
0
0
0
0
0
0
0
0
0
0
0
0
0
0
0
0
0
0
0
0
0
0
0
0
0
0
0
0
0
0
0
0
0
0
0
0
0
0
0
0
0
0
0
0
0
0
0
0
0
0
0
0
0
0
0
0
0
0
0
0
0
0
0
0
0
0
0
0
0
0
0
0
0
0
0
0
0
0
0
0
0
0
0
0
0
0
0
0
0
0
0
0
0
0
0
0
0
0
0
0
0
0
0
0
0
0
0
0
0
0
0
0
0
0
0
0
0
0
0
0
0
0
0
0
0
0
0
0
0
0
0
0
1
0
0
0
0
0
0
0
0
0
0
0
0
0
0
0
0
0
0
0
0
0
0
0
0
0
0
0
0
0
0
0
0
0
0
0
0
0
0
0
0
0
0
0
0
0
0
0
0
0
0
0
0
0
0
0
0
0
0
0
0
0
0
0
0
1
0
0
0
0
0
0
0
0
0
0
0
0
0
0
0
0
0
0
0
0
0
0
0
0
0
0
0
0
0
0
0
0
0
0
0
0
0
0
0
0
0
0
0
0
0
0
0
0
0
0
0
0
0
0
0
0
0
0
0
0
0
0
0
0
0
0
0
0
0
0
0
0
0
0
0
0
0
0
0
0
0
0
0
0
0
0
0
0
0
0
0
0
0
0
0
0
0
0
0
0
0
0
0
0
0
0
0
0
0
0
0
0
0
0
0
0
0
0
0
0
0
0
0
0
0
0
0
0
0
0
0
0
0
0
0
0
0
0
0
0
0
0
0
0
0
0
0
0
0
0
0
0
0
0
0
0
0
0
0
0
0
0
0
0
0
0
0
0
0
0
0
0
0
0
0
0
0
0
0
0
0
0
0
0
0
0
0
0
0
0
0
0
0
0
0
0
0
0
0
0
0
0
0
0
0
0
0
0
0
0
0
0
0
0
0
0
0
0
0
0
0
0
0
0
0
0
0
0
0
0
0
0
0
0
0
0
0
0
0
0
0
0
0
0
0
0
0
0
0
0
0
0
0
0
0
0
0
0
0
0
0
0
0
0
0
0
0
0
0
0
0
0
0
0
0
0
0
0
0
0
0
0
0
0
0
0
0
0
0
0
0
0
0
0
0
0
0
0
0
0
0
0
0
0
0
1
0
0
0
0
0
1
0
1
0
0
0
0
1
0
0
0
0
0
1
0
0
0
0
0
0
0
0
0
0
2
0
2
0
0
1
0
0
0
0
1
0
0
0
1
0
0
0
0
0
0
0
0
0
1
1
0
0
0
0
1
0
0
0
1
0
1
0
0
0
1
0
0
0
0
1
0
0
0
1
0
0
0
1
0
0
1
0
0
0
0
0
0
0
0
0
1
1
0
0
1
0
0
0
1
0
1
1
0
0
0
0
0
1
0
0
0
0
0
0
2
0
0
0
0
0
