0
0
0
0
0
0
0
0
0
0
0
0
0
0
0
0
0
0
0
0
0
0
0
0
0
0
0
0
0
0
0
0
0
0
0
0
0
0
0
0
0
0
0
0
0
0
0
0
0
0
0
0
0
0
0
0
0
0
0
0
0
0
0
0
0
0
0
0
0
0
0
0
0
0
0
0
0
0
0
0
0
0
0
0
0
0
0
0
0
0
0
0
0
0
0
0
0
0
0
0
0
0
0
0
0
0
0
0
0
0
0
0
0
0
0
0
0
0
0
0
0
0
0
0
0
0
0
0
0
0
0
5
2
14
14
21
36
42
43
54
37
51
46
45
45
44
44
40
39
33
56
47
50
47
51
46
39
46
50
70
54
65
56
56
45
52
52
64
59
38
44
46
60
40
53
61
64
56
70
68
54
67
58
47
71
65
56
70
72
76
69
65
51
61
67
55
58
66
60
68
78
68
79
68
76
65
54
71
76
79
64
59
64
81
71
76
89
67
75
65
67
70
77
63
73
82
81
72
83
87
83
94
89
75
74
68
82
69
75
62
64
84
81
65
67
85
75
68
74
78
92
72
69
83
71
76
76
81
78
84
71
62
65
80
72
66
66
63
65
86
81
84
85
70
83
62
78
80
79
97
64
66
70
69
70
71
76
75
77
77
79
79
74
75
77
72
76
83
69
65
78
73
78
73
77
81
85
79
82
66
81
86
91
75
87
72
76
97
86
85
81
69
80
93
70
72
84
77
71
86
86
77
77
78
66
66
76
101
85
65
78
83
92
96
72
72
80
71
78
78
80
71
82
60
75
82
85
77
82
92
81
67
71
73
86
76
73
79
81
109
77
103
66
83
75
87
86
85
79
95
75
70
68
86
75
86
95
73
79
72
96
70
82
82
72
83
75
89
90
84
93
87
87
95
103
98
101
96
101
96
91
85
125
105
105
100
93
103
102
109
89
90
113
88
99
109
108
111
106
116
115
107
111
110
99
107
122
106
145
105
108
93
118
102
106
106
96
104
95
108
105
105
111
113
107
91
106
112
97
97
105
94
92
103
88
89
104
93
97
88
114
87
101
95
88
105
91
82
84
68
78
91
92
74
73
94
91
83
85
89
98
76
85
99
76
100
80
100
74
85
88
83
89
92
77
95
92
81
88
64
91
101
80
97
90
74
76
79
104
84
67
75
74
99
81
82
76
70
91
76
82
71
79
70
74
68
82
65
66
64
69
58
79
66
62
61
83
69
70
78
69
83
69
60
70
71
65
71
62
65
67
73
76
77
65
75
65
53
61
56
79
73
57
68
67
58
67
67
55
59
54
57
57
58
60
53
72
67
57
66
62
43
79
61
65
58
50
52
63
61
56
60
55
58
54
52
65
47
60
48
68
56
51
57
59
65
59
57
59
56
46
62
59
44
64
45
69
54
54
47
45
74
55
52
62
65
55
41
59
35
65
56
62
39
52
57
56
63
51
57
51
55
57
52
43
41
43
54
50
50
52
58
52
74
50
54
60
43
56
48
57
46
40
44
41
59
42
46
60
45
55
37
48
48
68
52
53
52
49
52
50
51
44
43
56
41
41
62
45
42
50
47
36
46
46
34
45
38
51
39
50
59
39
56
41
45
41
44
38
44
27
36
35
38
62
39
41
43
39
32
35
46
26
53
42
35
40
32
53
42
37
32
41
36
44
32
33
34
39
29
41
35
23
27
31
30
29
27
22
21
31
33
31
26
26
37
25
25
33
31
28
25
31
33
19
27
24
32
39
29
32
20
29
31
16
27
24
30
31
21
21
19
27
26
27
15
24
33
28
23
27
28
25
20
28
24
25
20
27
13
23
26
31
24
30
19
24
18
25
21
23
23
28
21
22
21
27
16
24
15
32
17
24
13
13
23
25
16
24
18
12
20
22
24
22
10
23
18
27
25
18
16
18
21
29
21
22
16
20
28
14
22
21
23
14
19
15
23
24
21
23
15
13
18
17
22
16
15
11
17
15
14
21
15
14
24
21
14
12
25
17
23
20
14
19
16
17
11
19
16
12
11
16
17
18
13
16
20
11
18
9
19
14
21
24
16
17
14
20
16
19
17
23
15
25
22
23
19
18
28
19
17
14
23
18
17
16
21
14
19
7
22
21
17
9
16
16
15
16
17
14
21
18
18
16
5
16
19
19
22
22
21
17
15
16
19
14
20
24
15
20
9
15
27
23
17
13
16
16
23
21
21
23
18
22
19
23
26
17
22
20
22
20
21
29
25
28
24
32
37
25
30
24
33
41
34
43
37
44
37
42
42
41
46
53
40
40
55
52
57
49
47
57
68
70
57
66
62
78
79
74
83
79
89
92
84
94
74
103
99
108
101
111
106
119
132
139
106
134
135
139
148
149
150
143
167
176
158
218
180
188
186
170
187
187
188
191
185
170
186
191
220
196
228
237
210
211
225
213
223
213
237
225
246
246
232
229
228
265
252
242
254
232
225
249
230
253
240
235
243
226
236
227
218
246
253
240
244
236
230
231
207
217
211
231
189
206
194
210
200
206
194
164
210
166
167
153
184
165
152
150
158
150
136
149
132
145
121
129
113
103
109
100
108
103
97
91
92
100
71
91
90
78
85
76
66
57
81
63
62
58
64
48
43
53
44
48
44
42
24
26
27
34
33
23
35
30
26
16
20
18
16
22
30
23
28
24
15
19
22
17
19
23
15
14
17
17
16
10
13
14
8
13
16
8
7
12
13
12
9
8
9
7
8
6
9
10
15
14
10
9
8
3
10
5
5
14
10
10
6
7
10
9
12
9
9
8
8
10
11
11
13
11
8
6
6
12
9
6
11
10
11
13
7
10
12
6
10
14
8
8
5
13
11
8
9
6
9
8
7
8
9
13
4
8
8
14
6
11
8
6
15
8
11
4
9
8
9
11
8
9
7
8
13
12
5
9
8
7
9
7
6
7
13
8
9
10
10
17
6
8
9
7
10
10
10
10
8
5
8
7
7
9
10
3
5
7
9
11
8
8
11
10
14
8
7
9
11
6
11
12
8
7
8
6
9
11
8
7
12
3
7
7
9
7
5
5
7
9
12
7
7
11
3
9
10
8
10
4
8
9
10
12
8
5
3
10
9
12
9
9
6
3
13
10
7
4
8
5
10
10
13
7
8
7
8
10
9
5
4
10
7
12
8
9
5
9
8
11
4
15
12
6
17
6
6
8
5
13
7
9
10
7
8
10
9
11
11
6
8
8
8
9
7
9
11
6
7
11
8
10
10
10
9
10
13
4
13
6
8
14
3
7
10
5
5
4
7
14
12
10
14
12
13
7
6
13
11
9
10
7
8
10
7
12
9
12
6
8
13
6
13
11
5
9
8
17
7
9
5
11
6
9
1
10
8
17
13
11
9
4
7
8
8
10
7
10
8
7
12
8
6
4
14
10
12
8
4
7
8
9
7
9
10
9
7
6
2
7
8
11
7
9
11
8
9
9
11
4
8
6
6
5
5
4
8
12
8
8
10
14
3
10
8
6
8
6
7
9
6
11
15
7
11
8
9
8
10
9
7
10
7
9
5
11
4
11
12
11
8
10
10
8
8
11
10
7
9
5
11
9
8
3
7
8
9
4
9
6
5
9
11
6
5
8
10
8
7
5
4
12
8
12
4
10
7
9
6
10
6
8
11
12
12
8
8
9
9
6
8
9
7
13
6
8
6
4
10
6
12
9
11
8
12
6
11
12
3
6
13
20
9
13
10
6
5
9
3
8
4
7
8
13
11
7
5
8
9
8
10
9
8
6
7
10
10
5
6
12
5
10
8
8
6
8
8
7
10
10
9
9
12
7
9
9
7
6
8
11
5
11
6
6
15
7
9
15
17
4
7
14
11
12
6
13
5
5
7
11
11
6
10
11
10
9
11
6
10
11
8
4
10
8
11
8
7
10
5
11
5
8
9
10
5
7
6
7
8
7
11
6
6
12
7
3
10
12
3
12
7
7
5
14
6
4
11
6
8
10
12
7
7
6
10
2
8
9
10
11
12
16
9
2
8
13
12
6
13
7
10
13
5
8
6
7
6
6
11
13
4
8
10
10
13
13
10
13
12
14
9
9
13
9
15
12
14
7
11
8
10
8
5
8
7
3
13
6
12
12
7
9
12
10
11
10
8
5
8
9
9
7
8
8
5
7
8
9
10
10
10
13
10
10
6
9
7
10
10
7
10
9
5
8
16
10
12
13
3
6
10
16
8
6
12
10
10
9
7
10
15
18
4
12
13
12
6
3
8
8
8
5
9
9
9
12
8
6
6
21
7
7
8
7
12
16
5
13
12
10
8
9
14
7
6
11
7
8
10
13
18
8
8
15
12
5
8
11
9
9
12
8
11
8
8
11
10
9
11
14
9
6
14
7
6
8
15
10
13
7
9
11
10
7
11
9
7
14
8
8
10
6
9
12
11
13
15
12
13
9
5
14
12
11
15
11
9
8
9
12
3
6
15
10
10
9
7
13
12
15
8
7
12
8
14
8
7
11
7
11
5
4
12
11
8
13
10
18
8
11
6
16
5
11
8
14
11
5
8
4
17
7
9
8
10
16
9
12
8
12
5
10
14
16
11
9
3
7
12
10
8
6
6
9
7
7
4
16
10
7
8
7
13
13
8
14
8
9
12
7
6
8
6
7
5
10
15
10
8
13
10
10
4
9
1
6
10
8
9
7
5
8
9
4
8
8
13
4
3
6
7
4
7
5
11
9
3
12
6
8
5
2
9
10
13
4
8
4
8
11
9
11
7
5
8
10
10
8
6
7
6
9
12
8
7
9
8
4
12
6
8
11
7
8
2
4
7
10
9
3
4
8
2
4
4
8
7
7
3
3
9
6
6
9
8
8
1
4
6
5
7
8
2
2
5
9
9
4
5
7
5
1
6
2
6
6
6
8
3
4
1
2
8
7
3
6
5
5
3
8
6
4
5
1
6
3
0
1
2
6
7
2
1
1
2
1
3
2
4
1
3
6
4
1
6
2
5
2
4
0
1
1
3
1
1
6
2
6
7
6
2
3
6
2
3
2
6
0
6
2
3
7
2
2
4
4
3
4
5
3
1
1
3
6
2
2
1
1
5
3
0
4
3
2
2
3
2
6
3
2
2
2
3
2
2
1
2
3
2
4
5
4
3
3
0
2
1
3
4
1
3
2
0
1
1
1
1
0
1
0
1
2
2
2
1
4
4
2
1
2
4
1
3
1
2
1
0
2
1
4
3
1
4
3
0
3
2
1
4
2
1
0
1
0
1
2
2
1
2
2
2
1
2
4
4
1
1
0
3
2
3
1
4
0
1
3
4
1
2
1
2
3
0
4
0
2
1
1
1
1
2
3
0
1
0
4
0
2
3
1
2
1
5
1
0
2
1
0
2
1
3
6
4
2
2
0
1
3
0
3
4
1
2
2
6
3
3
4
2
6
3
2
7
5
3
1
5
0
2
1
4
3
1
8
7
3
5
3
5
2
2
6
1
4
1
4
3
7
8
6
9
9
3
5
10
3
5
7
7
7
4
8
9
7
9
7
6
4
6
6
6
8
10
11
11
8
12
8
2
14
10
10
14
19
11
13
12
8
18
8
11
7
18
8
19
17
16
18
15
9
21
15
21
15
10
19
15
15
12
13
21
20
12
13
15
18
15
18
26
18
16
17
22
31
16
26
19
27
21
22
24
22
25
24
22
27
25
20
25
25
21
25
22
20
28
21
26
29
29
24
28
31
34
28
25
30
34
31
25
31
24
30
28
28
33
24
31
37
22
24
33
25
40
35
26
24
32
46
26
32
33
47
38
36
32
34
24
39
30
29
33
24
29
35
39
37
29
24
26
28
25
26
26
32
17
21
25
35
32
27
32
21
23
20
36
27
28
25
26
30
12
23
34
25
21
16
17
25
15
14
19
23
24
19
17
19
18
16
27
21
20
17
10
21
21
15
18
16
18
20
12
18
14
21
18
15
20
12
11
14
16
10
13
14
7
9
9
11
18
15
10
11
6
13
11
10
10
4
5
3
10
6
7
13
3
4
4
8
5
9
11
6
8
11
6
9
2
4
4
1
3
2
7
3
6
2
4
1
5
5
5
6
1
6
5
4
2
2
3
7
2
3
1
5
3
3
4
2
2
3
4
1
1
2
3
5
3
4
0
3
1
1
3
0
1
0
1
1
1
2
0
2
1
1
1
2
1
2
2
1
2
0
2
1
1
0
1
2
1
0
2
0
2
3
0
2
0
1
0
3
0
1
1
0
1
1
1
2
0
0
1
0
0
1
0
1
1
0
3
2
2
2
1
0
0
0
0
0
2
1
3
1
0
0
0
0
1
1
0
1
1
0
0
1
1
0
0
0
3
1
0
1
2
1
1
1
1
1
1
1
2
0
0
0
0
2
1
1
1
0
2
0
2
2
2
0
1
2
1
0
1
0
0
0
0
0
0
0
0
2
1
3
0
0
0
1
3
0
1
1
1
1
3
1
0
0
0
0
1
3
3
2
0
3
0
0
0
0
3
0
0
1
0
2
0
2
0
2
3
1
5
3
0
0
2
3
3
0
0
1
0
1
1
2
0
1
1
2
3
4
0
4
1
0
0
2
1
0
1
0
0
1
4
1
3
0
0
1
1
0
0
0
1
2
1
0
0
1
0
2
2
1
2
1
2
0
1
1
1
0
1
0
2
0
2
0
0
0
0
2
0
2
0
0
1
2
1
2
2
0
0
2
1
2
0
0
0
0
1
0
1
0
0
2
0
0
0
0
2
2
0
0
1
0
0
0
1
1
1
0
2
0
0
0
0
1
1
1
2
1
0
2
0
1
2
1
0
0
1
1
0
0
0
0
0
0
1
1
0
0
0
0
0
1
0
0
1
0
2
0
0
0
1
1
0
0
0
0
1
1
1
1
0
1
0
0
1
0
2
0
0
1
0
1
0
0
0
0
0
0
2
1
0
0
0
0
0
0
0
0
0
1
1
0
0
0
1
0
0
0
0
0
1
0
0
1
0
0
0
0
1
1
0
0
1
0
0
1
0
1
0
0
0
1
0
0
0
0
0
0
0
0
1
0
0
2
0
1
0
0
0
0
0
2
1
0
1
0
2
0
0
0
1
1
0
1
0
0
1
0
1
0
0
1
1
0
1
0
0
0
1
0
0
0
0
0
1
0
0
0
0
0
0
0
0
0
0
0
0
1
1
0
0
0
0
0
0
1
0
0
0
0
0
0
0
1
0
1
1
0
0
0
0
0
1
0
0
0
0
0
0
1
2
0
0
0
0
0
0
1
0
0
1
0
0
0
0
0
1
0
0
0
0
0
0
2
0
0
1
0
0
0
0
2
0
0
1
0
0
1
0
1
0
0
0
0
0
0
0
1
0
0
0
0
0
0
0
0
0
0
0
0
1
0
0
0
0
0
0
0
0
0
0
2
0
0
0
1
0
0
0
0
0
0
0
0
0
1
0
0
0
0
0
0
0
0
0
1
0
0
0
0
0
0
1
0
1
0
0
0
0
1
0
0
0
0
0
0
0
0
0
0
0
0
1
0
0
0
1
0
0
1
0
1
0
1
0
0
1
0
0
0
0
0
0
1
0
0
0
0
0
0
0
0
0
0
0
1
0
0
0
0
0
1
0
1
0
0
0
0
0
0
0
0
0
0
0
0
0
0
0
1
0
0
1
2
0
1
0
1
0
0
0
0
0
0
0
0
0
1
0
0
0
1
0
1
1
0
0
0
0
0
0
0
0
0
0
0
0
0
0
1
0
0
0
0
0
0
0
0
0
0
0
0
1
1
0
0
0
0
0
0
0
0
1
0
0
0
0
0
0
1
0
1
0
0
0
0
0
0
0
1
1
0
0
0
0
0
0
0
0
0
1
0
0
0
1
0
0
1
1
0
0
0
0
0
0
0
0
0
0
1
1
0
0
0
1
0
0
0
0
1
0
1
0
0
0
0
0
0
0
0
0
0
0
0
2
0
0
0
0
0
0
1
0
0
0
0
0
0
0
0
0
0
0
0
0
1
1
1
0
0
0
0
0
0
1
0
0
0
0
0
1
0
0
2
1
1
0
1
0
0
0
1
0
0
0
0
1
0
0
0
1
0
1
0
0
0
0
0
0
0
0
0
0
0
0
0
0
0
1
0
0
0
0
1
0
2
0
0
0
0
0
0
0
0
0
1
0
1
0
0
1
0
0
0
0
0
0
1
0
0
0
0
1
0
0
0
0
0
0
0
0
0
0
1
0
0
0
1
0
0
0
0
0
0
0
0
0
1
1
1
0
0
0
1
0
1
0
1
0
0
0
0
0
0
0
0
1
1
0
0
0
1
0
0
0
0
0
0
0
0
0
0
0
0
0
0
1
0
0
0
1
0
0
0
0
0
1
0
0
1
0
0
0
0
0
0
0
0
1
0
0
0
0
0
0
0
1
0
0
0
0
0
0
1
1
0
0
0
0
0
0
1
0
0
0
0
0
0
0
0
0
0
0
0
0
0
0
0
0
0
0
0
1
0
1
0
0
0
0
0
0
0
0
0
0
0
0
0
0
0
0
0
1
0
0
1
0
0
0
0
0
0
0
0
0
0
0
0
0
0
1
0
0
0
0
0
0
0
0
0
0
0
0
0
0
0
0
0
0
0
1
0
0
0
0
1
0
0
0
0
0
1
0
0
0
0
1
1
0
0
0
1
0
0
0
0
0
0
0
0
0
0
0
0
0
0
0
0
0
0
0
0
0
0
0
0
0
0
0
0
0
0
0
0
0
0
0
0
0
0
0
0
0
0
0
0
0
1
0
0
0
0
0
0
1
0
0
0
0
0
0
0
0
0
0
0
0
0
0
0
0
0
0
0
0
0
0
0
0
0
0
1
0
0
0
0
0
0
0
0
1
0
0
0
0
0
0
0
0
0
0
0
0
0
0
0
0
0
0
0
0
0
1
0
0
0
0
0
0
0
0
0
0
0
0
0
0
0
0
0
0
0
0
0
0
0
0
0
0
1
0
0
0
0
0
0
0
0
0
0
1
0
0
0
0
0
0
0
0
0
0
0
0
0
0
0
0
1
0
1
0
0
0
0
1
1
0
0
1
0
1
0
0
0
0
0
0
0
0
0
0
1
0
0
0
0
0
0
0
0
0
0
0
0
1
0
0
0
0
0
0
0
0
0
1
0
0
0
0
0
0
0
0
0
0
0
0
0
0
0
0
0
0
0
1
0
0
0
0
1
0
0
0
0
0
0
0
0
0
0
0
0
0
0
0
0
0
0
0
0
0
0
0
0
0
0
0
0
0
0
0
0
0
0
0
0
0
0
0
0
1
0
0
1
1
0
0
0
0
0
0
0
0
0
0
0
0
0
0
0
0
0
0
0
0
0
0
0
0
0
0
0
0
0
0
0
0
0
0
0
0
0
0
0
0
0
0
0
0
0
0
0
0
0
0
0
0
1
0
0
0
0
0
0
0
0
0
0
1
0
0
0
0
0
0
0
0
0
0
0
0
0
0
0
0
0
0
0
0
0
0
0
0
0
0
0
0
0
0
0
0
0
0
0
0
0
0
0
0
0
0
0
0
0
0
0
0
0
0
0
0
1
0
0
0
1
0
0
0
0
0
0
0
0
0
0
0
0
0
0
0
0
0
0
0
0
0
0
0
0
0
0
0
0
0
0
0
0
0
0
0
0
0
0
0
0
1
0
0
0
0
0
0
0
0
0
0
0
0
0
0
0
0
1
0
0
0
0
0
0
0
0
0
0
0
0
0
0
0
0
0
0
0
0
0
0
0
0
0
0
0
0
0
0
0
0
0
0
0
0
0
0
0
0
1
0
0
0
0
0
0
0
0
0
0
0
0
0
0
0
0
0
0
0
0
0
0
0
0
0
0
0
0
0
0
0
0
0
0
0
0
0
0
0
0
0
0
0
0
0
0
0
0
0
0
0
0
0
0
0
0
0
0
0
0
0
1
0
0
1
0
0
0
0
0
0
0
0
0
0
0
0
0
0
0
0
0
0
0
0
0
1
0
0
0
0
0
0
0
0
0
0
0
0
0
0
0
0
0
0
0
0
0
0
0
0
0
0
0
0
0
0
0
0
0
0
0
0
0
0
0
0
0
0
0
0
0
0
1
0
0
0
0
0
0
0
0
0
0
0
0
1
0
0
0
0
0
0
0
0
0
0
0
0
0
0
0
0
0
0
1
0
0
0
0
0
0
0
0
0
0
0
0
0
0
0
0
0
0
0
0
0
0
0
0
0
0
0
0
0
0
0
0
0
0
0
0
0
0
0
0
0
0
0
0
1
1
0
0
0
0
0
1
0
0
0
0
0
0
0
1
0
0
0
0
0
1
0
0
0
0
0
0
0
0
0
0
0
0
0
0
0
0
0
0
0
0
0
0
0
0
0
0
0
0
0
0
0
0
0
0
0
0
0
0
0
0
0
0
0
0
0
0
0
0
0
0
0
0
0
0
0
0
0
0
0
0
0
0
0
0
0
0
0
0
0
0
0
0
0
0
0
1
0
0
0
0
0
0
0
0
0
0
0
0
0
0
0
0
0
0
0
0
0
0
0
0
0
0
0
0
0
0
0
0
0
0
0
0
0
0
0
0
0
0
0
0
0
0
0
0
0
0
0
0
0
0
0
0
0
0
0
0
0
0
0
0
0
0
0
0
0
0
0
0
0
0
0
0
0
0
0
0
0
0
0
0
0
0
0
0
0
0
0
0
0
0
0
0
0
0
0
0
0
0
1
0
0
0
0
0
0
0
0
0
0
0
0
0
0
0
0
0
0
0
0
0
0
0
0
0
0
0
0
0
0
0
0
0
0
0
0
0
0
0
0
0
0
0
0
0
0
0
0
0
0
0
0
0
0
0
0
1
0
0
0
0
0
0
0
0
0
0
0
0
0
0
0
0
0
0
0
0
0
0
0
0
0
0
0
0
0
0
0
0
0
0
0
0
0
0
1
0
0
0
0
0
0
0
0
0
0
0
0
0
0
0
0
0
0
0
0
0
0
0
0
0
0
0
0
0
0
0
0
0
0
0
0
0
0
0
0
0
0
1
0
0
0
0
0
0
0
0
0
1
0
0
0
0
0
0
0
0
0
0
0
0
0
0
0
0
0
0
0
0
0
0
0
0
0
0
0
0
0
0
0
0
0
0
0
0
0
0
0
0
0
0
0
0
0
0
0
0
0
0
0
0
0
0
0
0
0
0
0
0
0
0
0
0
0
0
0
0
0
0
0
0
0
0
0
0
0
0
0
0
0
0
1
0
1
0
0
0
0
0
0
0
0
0
0
0
0
0
0
0
0
0
0
0
0
0
0
0
0
1
0
0
0
0
0
0
0
0
0
0
0
0
0
0
0
0
0
0
0
0
0
0
0
0
0
0
0
0
0
0
0
0
0
0
0
0
0
0
0
0
0
0
0
0
0
1
0
0
0
1
0
0
0
0
0
0
0
0
0
0
0
0
0
0
0
0
0
0
0
0
1
0
0
0
0
0
1
0
0
0
0
0
0
0
0
0
0
0
0
1
0
0
0
0
0
0
1
0
0
0
0
0
0
0
0
0
0
0
0
0
0
0
0
0
0
0
0
0
0
0
0
0
0
0
0
0
0
0
0
0
0
0
0
0
0
0
0
0
0
0
0
0
0
0
0
0
0
0
0
0
0
0
0
0
0
0
0
0
0
0
0
0
0
0
0
0
0
0
0
0
0
0
0
0
0
0
0
0
0
0
0
0
0
0
0
0
0
0
0
0
0
0
0
0
0
0
0
0
0
0
0
0
0
0
0
0
0
0
0
0
0
0
0
0
0
0
0
0
0
0
0
0
0
0
0
0
0
0
0
0
0
0
0
0
0
0
0
0
0
0
0
0
0
0
0
0
0
0
0
0
0
0
0
0
0
0
0
0
0
0
0
0
0
0
0
0
0
0
0
0
0
0
0
0
0
0
0
0
0
0
0
0
0
0
0
0
0
0
0
0
0
0
0
0
0
0
0
0
0
0
0
0
0
0
0
0
0
0
0
0
0
0
0
0
0
0
0
0
0
0
0
0
0
0
0
0
0
0
0
0
0
0
0
0
0
0
0
0
0
0
0
0
0
0
0
0
0
0
0
0
0
0
0
0
0
0
0
0
0
0
0
0
0
0
0
0
0
0
0
0
0
0
0
0
1
0
0
0
0
0
0
0
0
0
0
0
0
0
0
0
0
0
0
0
0
0
0
0
0
0
0
0
0
0
0
0
0
0
0
0
0
0
0
0
0
0
0
0
0
0
0
0
0
0
0
0
0
0
0
0
0
0
0
0
0
0
0
0
0
0
0
0
0
0
0
0
0
0
0
0
0
0
0
0
0
0
1
0
0
0
0
0
0
0
0
0
0
0
0
0
0
0
0
0
0
0
0
0
0
0
0
0
0
0
0
0
0
0
0
0
0
0
0
0
0
0
0
0
0
0
0
0
0
0
0
0
0
0
0
0
0
0
0
0
0
0
0
0
0
0
0
0
0
0
0
0
0
0
0
0
0
0
0
0
0
0
0
0
0
0
0
0
0
0
0
0
0
0
0
0
0
0
0
0
0
0
0
0
0
0
0
0
0
0
0
0
0
0
0
0
0
0
0
0
0
0
0
0
0
0
0
0
0
0
0
0
0
0
0
0
0
0
0
0
0
0
0
0
0
0
0
0
0
0
0
0
0
0
0
0
0
0
0
0
0
0
0
0
0
0
0
0
0
0
0
0
0
0
0
0
0
0
0
0
0
0
0
0
0
0
0
0
0
0
0
0
0
0
0
0
0
0
0
0
0
0
0
0
0
0
0
0
0
0
0
0
0
0
0
0
0
0
0
0
0
0
0
0
0
0
0
0
0
0
0
0
0
0
0
0
0
0
0
0
0
0
0
0
0
0
0
0
0
0
0
0
0
0
0
0
0
0
0
0
0
0
0
0
0
0
0
0
0
0
0
0
0
0
0
0
0
0
0
0
0
0
0
0
0
0
0
0
0
0
0
0
0
0
0
0
0
0
0
0
0
0
0
0
0
0
0
0
0
0
0
0
0
0
0
0
0
0
0
0
0
0
0
0
0
0
0
0
0
0
0
0
0
0
0
0
0
1
0
0
0
0
0
0
0
0
0
0
0
0
0
0
0
0
0
0
0
0
0
0
0
0
0
0
0
0
0
0
0
0
0
0
0
0
0
0
0
0
0
0
0
0
0
0
0
0
0
0
0
0
0
0
0
0
0
0
0
0
0
0
0
0
0
0
0
0
0
0
0
0
0
0
0
0
0
0
0
0
0
0
0
0
0
0
0
0
0
0
0
0
0
0
0
0
0
0
0
0
0
0
0
0
0
0
0
0
0
0
0
0
0
0
0
0
0
0
0
0
0
0
0
0
0
0
0
0
0
0
0
0
0
0
0
0
0
0
0
0
0
0
0
0
0
0
0
0
0
0
0
0
0
0
0
0
0
0
0
0
0
0
0
0
0
0
0
0
0
0
0
0
0
0
0
0
0
0
0
0
0
0
0
0
0
0
0
0
0
0
0
0
0
0
0
0
0
0
0
0
0
0
0
0
0
0
0
0
0
0
0
0
0
0
0
0
0
0
0
0
0
0
0
0
0
0
0
0
0
0
0
0
0
0
0
0
0
0
0
0
0
0
0
0
0
0
0
0
0
0
0
0
0
0
0
0
0
0
0
0
0
0
0
0
0
0
0
0
0
0
0
0
0
0
0
0
0
0
0
0
0
0
0
0
0
0
0
0
0
0
0
0
0
0
0
0
0
0
0
0
0
0
0
0
0
0
0
0
0
0
0
0
0
0
0
0
0
0
0
0
0
0
0
0
0
0
0
0
0
0
0
0
0
0
0
0
0
0
0
0
0
0
0
0
0
0
0
0
0
0
0
0
0
0
0
0
0
0
0
0
0
0
0
0
0
0
0
0
0
0
0
0
0
0
0
0
0
0
0
0
0
0
0
0
0
0
0
0
0
0
0
0
0
0
0
0
0
0
0
0
0
0
0
0
0
0
0
0
0
0
0
0
0
0
0
0
0
0
0
0
0
0
0
0
0
0
0
0
0
0
0
0
0
0
0
0
0
0
0
0
0
0
0
0
0
0
0
0
0
0
0
0
0
0
0
0
0
0
0
0
0
0
0
0
0
0
0
0
0
0
0
0
0
0
0
0
0
0
0
0
0
0
0
0
0
0
0
0
0
0
0
0
0
0
0
0
0
0
0
0
0
0
0
0
0
0
0
0
0
0
0
0
0
0
0
0
0
0
0
0
0
0
0
0
0
0
0
0
0
0
0
0
0
0
0
0
0
0
0
0
0
0
0
0
0
0
0
0
0
0
0
0
0
0
0
0
0
0
0
0
0
0
0
0
0
0
0
0
0
0
0
0
0
0
0
0
0
0
0
0
0
0
0
0
0
0
0
0
0
0
0
0
0
0
0
0
0
0
0
0
0
0
0
0
0
0
0
0
0
0
0
0
0
0
0
0
0
0
0
0
0
0
0
0
0
0
0
0
0
0
0
0
0
0
0
0
0
0
0
0
0
0
0
0
0
0
0
0
0
0
0
0
0
0
0
0
0
0
0
0
0
0
0
0
0
0
0
0
0
0
0
0
0
0
0
0
0
0
0
0
0
0
0
0
0
0
0
0
0
0
0
0
0
0
0
0
0
0
0
0
0
0
0
0
0
0
0
0
0
0
0
0
0
0
0
0
0
0
0
0
0
0
0
0
0
0
0
0
0
0
0
0
0
0
0
0
0
0
0
0
0
0
0
0
0
0
0
0
0
0
0
0
0
0
0
0
0
0
0
0
0
0
0
0
0
0
0
0
0
0
0
0
0
0
0
0
0
0
0
0
0
0
0
0
0
0
0
0
0
0
0
0
0
0
0
0
0
0
0
0
0
0
0
0
0
0
0
0
0
0
0
0
0
0
0
0
0
0
0
0
0
0
0
0
0
0
0
0
0
0
0
0
0
0
0
0
0
0
0
0
0
0
0
0
0
0
0
0
0
0
0
0
0
0
0
0
0
0
0
0
0
0
0
0
0
0
0
0
0
0
0
0
0
0
0
0
0
0
0
0
0
0
0
0
0
0
0
0
0
0
0
0
0
0
0
0
0
0
0
0
0
0
0
0
0
0
0
0
0
0
0
0
0
0
0
0
0
0
0
0
0
0
0
0
0
0
0
0
0
0
0
0
0
0
0
0
0
0
0
0
0
0
0
0
0
0
0
0
0
0
0
0
0
0
0
0
0
0
0
0
0
0
0
0
0
0
0
0
0
0
0
0
0
0
0
0
0
0
0
0
0
0
0
0
0
0
0
0
0
0
0
0
0
0
0
0
0
0
0
0
0
0
0
0
0
0
0
0
0
0
0
0
0
0
0
0
0
0
0
0
0
0
0
0
0
0
0
0
0
0
0
0
0
0
0
0
0
0
0
0
0
0
0
0
0
0
0
0
0
0
0
0
0
0
0
0
0
0
0
0
0
0
0
0
0
0
0
0
0
0
0
0
0
0
0
0
0
0
0
0
0
0
0
0
0
0
0
0
0
0
0
0
0
0
0
0
0
0
0
0
0
0
0
0
0
0
0
0
0
0
0
0
0
0
0
0
0
0
0
0
0
0
0
0
0
0
0
0
0
0
0
0
0
0
0
0
0
0
0
0
0
0
0
0
0
0
0
0
0
0
0
0
0
0
0
0
0
0
0
0
0
0
0
0
0
0
0
0
0
0
0
0
0
0
0
0
0
0
0
0
0
0
0
0
0
0
0
0
0
0
0
0
0
0
0
0
0
0
0
0
0
0
0
0
0
0
0
0
0
0
0
0
0
0
0
0
0
0
0
0
0
0
0
0
0
0
0
0
0
0
0
0
0
0
0
0
0
0
0
0
0
0
0
0
0
0
0
0
0
0
0
0
0
0
0
0
0
0
0
0
0
0
0
0
0
0
0
0
0
0
0
0
0
0
0
0
0
0
0
0
0
0
0
0
0
0
0
0
0
0
0
0
0
0
0
0
0
0
0
0
0
0
0
0
0
0
0
0
0
0
0
0
0
0
0
0
0
0
0
0
0
0
0
0
0
0
0
0
0
0
0
0
0
0
0
0
0
0
0
0
0
0
0
0
0
0
0
0
0
0
0
0
0
0
0
0
0
0
0
0
0
0
0
0
0
0
0
0
0
0
0
0
0
0
0
0
0
0
0
0
0
0
0
0
0
0
0
0
0
0
0
0
0
0
0
0
0
0
0
0
0
0
0
0
0
0
0
0
0
0
0
0
0
0
0
0
0
0
0
0
0
0
0
0
0
0
0
0
0
0
0
0
0
0
0
0
0
0
0
0
0
0
0
0
0
0
0
0
0
0
0
0
0
0
0
0
0
0
0
0
1
0
0
0
0
0
0
0
0
0
0
0
0
0
0
0
0
0
0
0
0
0
0
0
0
0
0
0
0
0
0
0
0
0
0
0
0
0
0
0
0
0
0
0
0
0
0
0
0
0
0
0
0
0
0
0
0
0
0
0
0
0
0
0
0
0
0
0
0
0
0
0
0
0
0
0
0
0
0
0
0
0
0
0
0
0
0
0
0
0
0
0
0
0
0
0
0
0
0
0
0
0
0
0
0
0
0
0
0
0
0
0
0
0
0
0
0
0
0
0
0
0
0
0
0
0
0
0
0
0
0
0
0
0
0
0
0
0
0
0
0
0
0
0
0
0
0
0
0
0
0
0
0
0
0
0
0
0
0
0
0
0
0
0
0
0
0
0
0
0
0
0
0
0
0
0
0
0
0
0
0
0
0
0
0
0
0
0
0
0
0
0
0
0
0
0
0
0
0
0
0
0
0
0
0
0
0
0
0
0
0
0
0
0
0
0
0
0
0
0
0
0
0
0
0
0
0
0
0
0
0
0
0
0
0
0
0
0
0
0
0
0
0
0
0
0
0
0
0
0
0
0
0
0
0
0
0
0
0
0
0
0
0
0
0
0
0
0
0
0
0
0
0
0
0
0
0
0
0
0
0
0
0
0
0
0
0
0
0
0
0
0
0
0
0
0
0
0
0
0
0
0
0
0
0
0
0
0
0
0
0
0
0
0
0
0
0
0
0
0
0
0
0
0
0
0
0
0
0
0
0
0
0
0
0
0
0
0
0
0
0
0
0
0
0
0
0
0
0
0
0
0
0
0
0
0
0
0
0
0
0
0
0
0
0
0
0
0
0
0
0
0
0
0
0
0
0
0
0
0
0
0
0
0
0
0
0
0
0
0
0
0
0
0
0
0
0
0
0
0
0
0
0
0
0
0
0
0
0
0
0
0
0
0
0
0
0
0
0
0
0
0
0
0
0
0
0
0
0
0
0
0
0
0
0
0
0
0
0
0
0
0
0
0
0
0
0
0
0
0
0
0
0
0
0
0
0
0
0
0
0
0
0
0
0
0
0
0
0
0
0
0
0
0
0
0
0
0
0
0
0
0
0
0
0
0
0
0
0
0
0
0
0
0
0
0
0
0
0
0
0
0
0
0
0
0
0
0
0
0
0
0
0
0
0
0
0
0
0
0
0
0
0
0
0
0
0
0
0
0
0
0
0
0
0
0
0
0
0
0
0
0
0
0
0
0
0
0
0
0
0
0
0
0
0
0
0
0
0
0
0
0
0
0
0
0
0
0
0
0
0
0
0
0
0
0
0
0
0
0
0
0
0
0
0
0
0
0
0
0
0
0
0
0
0
0
0
0
0
0
0
0
0
0
0
0
0
0
0
0
0
0
0
0
0
0
0
0
0
0
0
0
0
0
0
0
0
0
0
0
0
0
0
0
0
0
0
0
0
0
0
0
0
0
0
0
0
0
0
0
0
0
0
0
0
0
0
0
0
0
0
0
0
0
0
0
0
0
0
0
0
0
0
0
0
0
0
0
0
0
0
0
0
0
0
0
0
0
0
0
0
0
0
0
0
0
0
0
0
0
0
0
0
0
0
0
0
0
0
0
0
0
0
0
0
0
0
0
0
0
0
0
0
0
0
0
0
0
0
0
0
0
0
0
0
0
0
0
0
0
0
0
0
0
0
0
0
0
0
0
0
0
0
0
0
0
0
0
0
0
0
0
0
0
0
0
0
0
0
0
0
0
0
0
0
0
0
0
0
0
0
0
0
0
0
0
0
1
0
0
0
0
1
0
0
0
0
0
0
0
0
0
0
0
1
1
0
0
1
1
0
0
0
0
0
0
0
1
0
0
0
0
0
1
0
0
1
0
0
0
0
1
2
0
0
0
1
1
1
0
0
0
2
1
1
0
0
0
0
0
0
0
0
0
1
0
0
0
0
0
0
0
0
0
0
0
1
0
0
0
0
2
0
0
0
0
0
0
0
1
0
0
0
0
0
0
0
0
0
0
0
0
0
0
1
0
0
0
0
1
0
0
0
0
0
0
0
0
0
0
0
1
0
0
