0
0
0
0
0
0
0
0
0
0
0
0
0
0
0
0
0
0
0
0
0
0
0
0
0
0
0
0
0
0
0
0
0
0
0
0
0
0
0
0
0
0
0
0
0
0
0
0
0
0
0
0
0
0
0
0
0
0
0
0
0
0
0
0
0
0
0
0
0
0
0
0
0
0
0
0
0
0
0
0
0
0
0
0
0
0
0
0
0
0
0
0
0
0
0
0
0
0
0
0
0
0
0
0
0
0
0
0
0
0
0
0
0
0
0
0
0
0
0
0
0
0
0
0
0
0
0
0
0
1
0
1
7
15
18
38
47
50
54
39
44
49
38
51
57
47
40
47
54
52
54
49
40
53
55
49
55
49
58
53
41
56
52
67
58
68
57
51
52
53
67
55
54
47
73
63
66
58
62
47
63
52
64
44
55
71
60
78
74
63
77
85
57
80
75
86
59
79
90
78
93
101
80
70
89
97
81
85
67
77
89
95
93
80
86
89
73
84
104
84
77
84
72
84
81
83
69
69
84
82
89
73
75
73
89
69
83
82
97
76
73
77
81
80
80
60
65
62
82
78
90
89
65
79
68
70
72
67
91
78
66
77
83
79
77
85
88
93
80
67
86
82
71
77
73
80
83
82
74
93
78
76
85
86
80
76
75
93
85
97
91
70
81
76
95
68
105
99
91
70
83
73
80
94
99
78
86
84
79
90
71
85
97
96
84
80
88
80
88
73
87
96
76
80
90
78
94
85
79
87
68
79
74
76
86
85
85
87
87
78
69
88
76
83
76
83
100
99
84
87
102
79
77
88
73
78
97
87
92
115
82
92
95
89
91
97
94
92
91
95
94
86
100
84
78
79
94
112
80
108
100
91
107
111
100
107
104
108
116
107
112
117
101
104
115
117
93
86
119
124
140
131
101
106
114
122
94
112
118
101
103
117
110
114
111
114
127
118
117
110
118
109
118
106
124
105
100
100
116
97
108
109
113
96
100
103
95
97
96
106
97
102
92
97
91
99
102
101
97
101
96
90
97
101
100
100
114
107
79
95
87
87
87
102
92
109
95
86
92
102
105
72
89
91
103
96
86
100
71
103
86
92
82
67
104
96
79
83
68
82
84
79
81
73
70
83
77
70
83
82
80
73
90
73
95
96
67
81
69
81
77
73
62
63
80
81
75
68
81
74
69
77
68
86
88
70
69
82
72
59
83
72
62
58
70
69
57
69
74
77
75
50
78
72
78
62
66
69
62
53
53
66
70
60
58
62
58
66
66
61
57
52
56
63
73
63
57
72
74
81
58
50
60
57
56
68
66
64
58
76
60
73
57
43
55
57
71
62
64
64
61
52
61
64
67
63
73
47
60
68
58
55
47
61
54
64
56
49
54
66
48
65
59
67
58
54
51
58
49
55
47
57
48
50
55
56
70
46
57
50
65
56
61
43
62
55
54
62
52
51
54
68
65
54
45
51
55
44
62
46
59
55
65
56
59
42
51
54
61
63
50
60
57
38
48
53
61
56
59
54
37
49
44
49
48
54
54
56
39
48
45
45
50
35
47
34
31
36
49
41
50
37
50
34
43
45
38
40
38
37
37
32
52
35
31
42
34
40
44
39
42
32
47
44
36
25
33
30
31
31
40
30
34
37
33
29
34
31
26
26
28
34
27
28
27
34
33
31
34
15
28
24
23
26
24
30
17
24
31
27
28
29
26
22
34
29
26
29
23
25
27
21
17
28
21
17
27
23
25
25
29
22
24
23
18
24
28
17
28
26
25
16
10
15
19
25
20
22
18
25
21
14
26
25
18
16
16
27
19
19
31
17
25
18
23
15
20
18
18
26
23
15
12
30
20
23
17
19
23
15
19
15
19
22
20
25
16
20
13
21
13
22
23
18
18
14
18
15
22
19
19
20
22
28
23
16
18
21
12
16
17
25
14
15
11
21
23
10
18
14
15
21
22
21
13
17
18
16
16
22
22
21
25
11
18
23
17
18
21
14
20
10
27
25
29
11
25
16
27
21
21
25
16
27
16
17
20
27
17
15
19
18
26
17
20
23
15
14
17
22
16
28
19
27
23
27
13
18
14
21
15
31
19
15
16
19
14
22
18
21
19
27
22
30
20
22
23
27
29
16
26
31
22
35
39
43
36
31
39
34
49
49
52
37
47
63
50
50
58
60
73
62
56
67
72
78
60
70
83
88
65
91
99
97
107
103
117
113
124
108
112
120
139
123
123
115
150
171
147
149
150
170
147
167
158
169
188
169
191
182
218
223
224
189
211
221
190
242
213
243
233
231
271
244
238
239
248
249
271
218
253
223
257
238
274
275
255
268
242
282
232
294
250
248
250
271
238
240
251
254
242
238
228
236
264
224
228
206
229
241
196
200
196
189
187
198
197
181
167
184
144
165
155
157
148
161
152
153
162
130
131
135
121
103
114
100
108
93
95
87
75
88
94
61
74
70
71
64
63
51
53
53
45
53
59
45
46
31
47
41
42
28
35
30
26
28
16
28
24
30
26
29
25
22
23
21
19
14
19
15
22
16
15
17
20
17
13
10
25
18
11
10
12
11
16
15
12
11
14
9
9
10
12
3
6
11
8
6
4
10
4
16
6
6
9
14
8
6
5
14
12
8
12
10
5
10
4
9
11
10
6
18
10
8
10
12
14
13
15
8
10
9
9
6
16
18
10
5
7
7
12
13
9
8
15
11
13
6
12
7
7
10
6
10
10
13
13
11
10
9
9
7
16
5
8
8
5
6
11
11
9
10
6
8
10
10
11
8
11
5
7
11
15
6
7
8
9
4
5
11
7
14
10
12
6
15
9
6
6
7
9
9
8
7
5
14
7
5
5
8
12
9
13
7
9
11
12
10
6
4
7
12
7
10
7
8
9
15
5
7
11
11
9
9
9
15
4
10
11
7
3
3
6
11
9
6
9
13
9
13
12
13
7
7
7
6
13
8
10
10
9
13
9
12
2
3
11
4
11
7
6
7
9
11
12
5
13
17
7
11
12
9
4
12
12
8
9
10
11
14
6
10
8
10
12
8
8
11
9
8
14
8
11
8
10
5
12
11
11
8
8
8
9
5
11
8
8
4
10
9
9
14
9
12
6
6
10
9
13
8
10
14
11
9
10
8
11
11
7
10
15
9
5
14
9
6
12
7
10
8
3
7
8
6
13
8
17
7
12
10
7
10
11
13
9
14
17
7
11
9
12
13
7
7
9
14
12
11
7
11
7
6
7
8
10
12
10
7
10
2
10
9
8
9
9
12
18
12
8
12
10
4
3
11
9
9
9
3
9
7
15
14
10
8
6
13
8
10
11
9
5
8
8
8
13
6
4
11
12
10
5
6
3
14
9
18
9
10
3
8
12
8
9
11
10
10
9
4
12
10
9
8
8
5
14
8
8
9
9
4
7
9
11
7
12
10
11
9
15
7
6
5
7
9
6
7
12
5
17
6
10
6
9
10
6
7
14
9
7
12
6
11
8
7
8
4
9
4
10
9
13
9
11
4
10
9
2
4
7
9
7
10
7
4
8
15
6
11
11
8
15
15
9
8
11
9
9
7
7
10
7
14
8
13
4
4
9
7
12
9
4
11
6
9
7
8
7
10
13
14
12
8
12
8
9
9
6
9
13
17
8
11
9
8
8
14
15
14
7
5
5
12
3
9
9
9
10
6
4
11
9
9
16
18
10
9
11
14
8
11
13
12
7
7
5
6
10
12
11
4
11
8
10
7
12
7
6
8
11
12
11
11
14
9
11
16
10
6
7
8
7
9
9
13
6
11
11
8
9
6
11
4
12
8
7
9
13
13
10
4
8
10
9
13
6
6
11
10
8
13
16
11
6
18
8
10
7
11
17
6
8
9
7
12
7
8
9
9
9
9
12
6
7
9
11
13
12
8
10
13
10
13
13
8
12
8
7
14
9
22
13
13
6
12
7
7
9
13
8
7
10
7
10
7
9
10
4
8
5
14
6
11
17
10
15
7
9
7
8
13
9
10
10
9
9
12
5
9
3
8
13
15
14
12
8
21
9
6
5
5
8
14
7
15
9
7
14
6
10
11
17
11
15
7
8
8
10
11
3
7
13
14
4
13
2
13
7
9
5
10
6
13
11
8
16
9
11
12
5
11
8
16
19
12
7
15
13
8
9
11
10
4
12
5
10
9
13
7
5
13
8
7
15
15
18
12
7
9
12
13
7
14
8
12
12
13
11
9
13
11
13
15
9
13
7
17
7
7
10
14
8
15
4
15
13
10
8
7
15
8
8
8
16
8
12
3
10
11
7
8
13
11
11
12
16
15
11
10
13
10
14
14
9
5
16
5
10
8
12
9
13
18
12
10
12
11
11
10
9
12
6
3
8
10
7
14
7
9
10
13
9
10
8
6
10
8
5
9
9
11
9
6
6
11
7
5
8
7
7
11
14
7
9
9
14
11
11
9
11
11
7
9
4
8
9
5
10
8
8
10
8
8
5
8
6
4
10
6
7
13
4
5
12
6
4
10
7
7
8
4
5
7
6
6
6
5
6
3
5
1
7
6
11
5
5
0
7
3
5
5
7
3
6
2
3
6
6
8
3
12
4
3
5
4
6
2
1
4
4
4
2
3
9
7
1
3
2
6
4
2
3
1
2
8
3
5
5
5
5
5
6
3
6
6
8
7
4
5
2
1
2
6
2
6
4
6
1
4
1
2
1
3
3
5
5
3
5
2
2
1
6
7
0
1
4
3
2
2
3
2
4
2
2
1
5
4
4
5
3
1
4
3
4
1
0
2
2
1
5
0
3
3
4
4
0
2
1
4
4
3
2
2
3
1
5
3
2
3
2
2
0
1
1
0
3
4
2
2
1
1
1
1
0
3
1
1
2
1
3
2
3
3
1
1
2
2
0
1
2
2
2
6
1
0
2
1
5
3
2
3
1
1
0
1
2
0
0
2
1
1
0
3
4
0
0
5
1
1
0
0
0
1
2
3
2
1
1
2
1
2
1
3
4
1
2
3
2
1
2
1
0
1
3
2
0
2
3
3
3
0
0
3
3
1
5
1
3
2
2
2
2
0
2
2
1
1
1
4
3
4
1
4
2
3
4
2
5
1
4
3
7
1
5
2
4
3
3
6
5
4
3
4
0
3
6
7
6
2
4
3
3
7
1
6
2
6
4
3
3
4
9
6
4
10
8
14
13
6
10
4
15
13
12
10
6
14
10
13
9
16
12
15
10
11
15
13
12
12
11
11
14
13
14
13
14
10
14
22
15
15
11
25
15
20
27
18
18
19
24
18
15
19
22
17
17
19
19
18
13
25
15
19
18
16
28
18
16
20
29
25
26
21
27
21
37
28
26
33
26
20
23
46
29
19
20
27
37
35
28
35
38
30
26
37
31
24
35
26
27
27
32
24
33
32
31
30
34
31
27
32
35
24
26
31
28
31
25
43
28
28
33
37
37
25
40
40
31
19
26
33
31
36
33
43
29
26
29
28
20
26
24
30
36
26
33
24
34
28
20
30
27
22
25
24
24
26
33
20
33
30
20
23
34
16
24
26
26
22
15
23
17
22
24
26
16
17
19
15
16
17
13
18
17
20
16
13
13
7
8
9
10
21
16
14
14
14
6
17
15
11
15
6
19
8
13
14
9
17
13
9
12
10
5
9
9
8
5
7
7
5
8
7
6
9
7
3
4
8
5
2
3
3
1
3
7
5
3
8
7
5
1
4
6
0
4
2
1
3
6
4
3
5
3
3
3
1
4
2
5
0
5
2
2
1
2
2
3
3
1
3
1
3
0
3
2
1
0
2
0
3
1
2
1
1
0
0
1
2
2
0
2
2
1
2
1
0
2
0
1
1
0
0
0
0
0
0
0
0
0
0
0
2
0
0
0
0
2
1
0
1
1
0
0
0
0
1
1
0
0
1
2
0
0
0
0
0
1
0
0
0
0
0
2
1
0
2
0
1
2
0
1
1
0
2
2
1
1
0
1
0
0
1
1
0
1
0
0
0
2
1
0
1
1
3
2
2
0
0
1
1
1
2
2
2
0
1
0
2
3
1
0
0
2
0
1
3
1
0
1
1
0
1
0
1
2
0
1
0
1
0
2
1
0
1
0
2
1
0
1
1
0
5
2
1
2
0
0
2
1
1
1
1
0
0
0
2
0
1
1
0
1
0
0
2
1
1
1
1
1
1
2
1
3
3
1
0
0
0
1
0
2
2
1
0
1
1
1
0
0
0
1
2
0
1
1
1
0
2
0
2
1
1
3
2
0
1
1
0
0
1
0
0
1
1
0
0
0
0
1
2
1
0
2
0
1
0
1
1
1
0
1
0
1
0
1
0
1
0
0
3
0
1
0
2
0
1
0
0
3
0
1
0
0
2
1
2
0
1
0
1
0
0
0
1
0
0
0
0
1
0
1
1
1
0
0
1
1
0
0
1
0
0
0
0
0
2
0
0
1
0
1
0
0
1
0
1
1
0
0
0
0
0
1
0
2
0
0
0
0
0
0
1
0
2
1
1
2
0
0
1
1
1
0
0
1
1
1
0
0
0
1
0
1
1
0
0
0
1
1
0
1
0
0
0
0
0
0
1
0
1
0
2
1
0
1
0
2
0
1
0
0
0
0
0
1
0
0
1
1
0
1
0
2
1
0
0
0
0
0
0
0
1
2
0
0
0
0
0
1
1
0
0
0
0
0
0
0
0
0
1
2
1
0
2
0
0
0
0
1
0
0
1
0
1
0
0
0
1
0
0
0
1
1
1
0
1
0
0
0
0
0
0
0
0
0
0
0
0
0
0
0
1
0
0
0
0
1
0
1
1
0
1
0
1
0
3
0
2
0
0
0
1
0
0
0
0
0
0
0
0
0
0
0
0
0
1
0
0
0
0
1
0
0
0
0
0
0
0
0
0
1
0
0
0
1
0
0
0
0
0
1
0
1
0
0
0
0
0
0
0
1
0
0
0
0
0
0
0
0
0
0
0
0
0
0
0
0
0
0
0
0
0
0
1
0
2
0
0
0
0
1
0
0
0
0
1
0
0
0
0
0
0
0
0
0
0
0
0
0
2
0
0
1
0
0
0
0
0
0
0
1
0
0
1
0
0
1
0
0
0
0
0
0
0
1
0
0
1
0
0
1
0
0
0
0
0
0
0
0
0
0
1
0
1
0
0
0
0
0
1
0
0
0
0
0
0
1
0
0
0
0
0
0
1
0
0
0
0
0
0
0
0
1
0
2
0
0
0
0
1
0
1
0
0
1
0
0
0
0
0
0
0
0
0
0
1
0
0
0
0
1
0
0
0
0
1
0
0
0
0
0
1
0
0
0
0
0
0
1
0
1
0
0
0
1
0
0
0
0
1
0
0
1
0
1
0
0
0
1
0
0
0
0
2
1
1
0
0
1
1
0
0
1
1
1
1
0
0
0
0
0
3
0
0
0
0
0
0
0
0
0
0
0
0
0
0
0
0
1
0
0
1
0
0
0
0
0
2
0
1
0
0
0
0
0
0
0
0
0
1
1
1
0
1
0
1
0
1
2
0
0
0
0
1
0
0
0
0
0
0
0
0
1
0
0
0
0
0
0
0
0
0
1
0
0
2
0
0
1
1
1
0
0
1
0
0
0
0
0
0
0
0
1
0
0
0
0
0
0
0
0
1
0
0
0
0
0
0
0
1
0
0
0
0
1
0
0
0
0
0
0
0
0
0
0
1
1
0
0
0
0
0
0
0
0
0
0
0
0
0
2
0
0
0
0
0
0
0
0
0
0
0
1
1
0
0
0
0
0
0
0
0
0
0
1
2
0
0
0
0
0
0
0
0
1
1
0
0
0
0
0
1
0
0
0
0
0
0
0
0
0
0
0
0
0
1
1
0
0
0
0
0
0
0
0
1
0
0
0
1
0
0
0
0
0
0
0
0
0
0
0
0
0
0
0
0
0
0
0
0
0
0
0
0
0
0
1
0
0
0
0
0
0
0
0
0
0
0
0
0
0
0
0
0
0
0
0
0
1
0
0
0
0
0
0
0
0
0
0
0
1
0
0
0
1
0
0
0
0
0
0
0
0
0
0
0
0
0
0
0
0
0
0
0
0
1
0
0
0
0
0
0
0
0
0
0
0
0
0
0
0
0
0
0
1
0
0
0
1
0
0
0
0
0
0
0
0
1
0
0
0
0
1
0
0
0
0
0
0
0
1
0
0
0
0
0
0
0
0
0
0
0
0
0
0
1
0
0
0
0
0
0
0
0
0
0
0
0
0
0
0
0
0
0
0
1
0
0
0
0
0
0
0
0
0
0
0
0
1
0
0
0
0
0
0
0
0
0
0
0
0
0
0
0
0
0
0
0
0
0
0
0
0
0
0
0
0
0
0
0
0
0
0
0
0
0
0
0
0
0
0
1
0
0
0
1
0
0
0
0
0
0
0
0
0
1
0
0
0
0
0
0
0
0
0
0
0
0
0
0
0
1
0
0
0
0
0
0
2
0
0
0
0
0
0
0
0
0
0
0
0
0
0
0
0
0
0
0
0
0
0
0
0
1
0
0
0
0
0
0
0
0
0
0
0
0
0
0
0
0
0
0
0
0
0
1
0
0
0
0
0
0
1
0
0
0
0
0
0
0
0
0
0
0
0
0
0
0
0
0
0
0
0
0
0
0
0
0
0
0
0
0
0
0
0
0
1
0
0
0
0
0
0
0
1
0
0
0
0
0
0
0
0
0
0
0
0
0
0
0
0
0
0
0
0
0
1
0
0
0
0
0
0
0
0
0
0
0
0
0
0
0
0
0
0
0
0
0
0
0
0
0
0
0
1
0
0
0
0
0
0
1
0
0
0
0
0
1
0
0
0
0
0
0
0
0
0
0
0
0
0
1
0
0
0
0
0
0
0
0
0
0
1
0
0
0
0
0
0
0
0
0
0
0
0
0
0
0
1
0
0
0
1
0
0
0
0
0
0
0
0
0
0
0
1
0
0
0
0
0
0
0
0
0
0
0
0
0
0
0
0
0
0
0
0
0
0
0
0
0
0
0
0
1
0
0
0
0
0
0
0
0
0
0
0
0
0
0
0
0
1
0
0
0
0
0
0
0
0
0
1
0
0
0
0
1
0
0
0
0
0
0
1
0
0
0
0
0
0
0
0
0
0
0
0
0
0
0
0
0
0
1
0
0
0
0
0
0
0
0
0
0
0
0
0
0
0
0
0
0
0
0
0
0
0
0
1
0
0
0
0
0
0
0
0
0
0
0
0
0
0
1
0
0
0
0
0
0
0
0
0
0
0
1
0
0
0
0
0
0
0
0
1
0
0
1
1
0
0
0
0
0
0
1
0
0
0
0
0
0
0
0
0
1
0
0
0
0
0
0
0
0
0
0
0
0
0
0
0
0
0
1
0
0
0
0
0
0
0
0
0
0
0
0
0
0
0
0
0
0
1
0
0
0
0
0
0
0
0
0
0
0
0
0
0
0
0
0
0
0
0
0
0
0
0
0
0
0
0
1
0
0
0
0
0
0
0
0
0
0
0
0
1
0
0
0
0
0
0
0
0
0
0
1
0
0
0
0
0
0
0
0
0
0
0
0
0
0
0
0
0
0
0
0
0
0
0
0
0
0
0
0
0
0
0
0
0
0
0
0
0
0
0
0
0
0
0
0
0
0
0
0
1
0
0
0
0
0
0
0
0
0
0
1
0
0
1
0
0
0
0
0
1
0
0
0
0
0
0
0
0
0
0
0
0
0
0
0
0
0
0
0
0
0
0
0
0
0
0
0
0
0
0
0
0
0
0
0
0
0
0
0
0
0
0
0
0
0
0
0
0
0
0
0
0
0
0
0
0
0
0
0
0
0
0
0
0
0
0
0
0
0
0
0
0
0
0
0
0
0
0
0
0
0
0
0
1
0
0
0
0
0
0
0
1
0
0
0
0
0
0
0
0
0
0
0
0
0
0
0
0
0
0
0
0
0
0
0
0
0
0
0
0
0
0
0
0
0
0
0
0
0
0
2
0
0
0
0
0
0
0
1
0
0
0
0
0
0
0
0
0
0
0
0
0
0
0
0
0
0
0
0
0
0
0
0
0
0
0
0
0
0
0
0
0
0
0
0
0
0
0
0
0
0
0
0
0
0
0
0
0
0
0
0
0
0
0
0
0
0
0
0
0
0
0
0
0
0
0
0
0
0
0
0
0
0
0
0
0
0
0
0
1
0
0
0
0
0
0
0
0
0
0
0
0
0
0
0
0
0
0
0
1
0
0
0
0
0
0
0
0
0
0
0
0
0
0
0
0
0
0
0
1
0
0
0
0
0
0
0
0
1
0
0
0
0
0
0
0
0
0
0
0
0
0
0
0
0
0
0
0
0
0
0
0
0
0
0
0
0
0
0
0
0
0
0
0
0
0
0
0
0
0
0
0
0
0
0
0
0
0
1
0
0
0
0
0
0
0
0
0
0
0
0
0
0
0
0
0
0
0
0
0
0
0
0
0
0
0
0
0
0
0
0
0
0
0
0
0
0
0
0
0
1
0
0
0
0
0
0
0
0
0
0
0
0
0
0
0
0
1
0
0
0
0
0
0
0
0
0
0
0
0
0
0
0
0
0
0
0
0
0
0
0
0
0
0
0
0
0
0
0
0
0
0
0
0
0
0
0
1
0
0
0
0
0
0
0
0
0
0
0
0
1
0
1
0
0
0
1
0
0
0
0
0
0
0
1
0
0
0
0
0
0
1
0
0
0
0
0
0
0
0
1
0
0
0
0
0
0
0
0
0
0
0
1
0
0
0
0
0
0
0
0
0
0
0
0
0
0
0
0
0
0
0
0
0
0
0
0
0
0
1
0
0
0
0
0
0
0
0
0
0
0
0
0
0
0
0
0
0
0
0
1
0
0
1
0
0
0
0
0
0
0
0
1
1
0
0
0
0
0
0
0
0
0
0
0
0
0
0
0
0
0
0
0
0
0
0
0
0
0
0
0
0
0
0
1
0
0
0
0
0
0
0
0
0
0
0
0
0
0
0
0
0
0
0
0
1
0
0
0
0
0
0
0
0
0
0
0
0
0
0
0
0
0
0
0
0
0
0
0
0
0
0
0
0
0
0
0
0
1
0
0
1
0
0
0
0
0
0
0
0
0
0
0
0
0
0
0
0
0
0
0
0
0
0
0
0
0
0
0
0
0
0
0
0
0
0
0
0
0
0
0
0
0
0
0
0
0
0
0
0
0
0
0
0
0
0
0
0
0
0
0
0
0
0
0
0
0
0
0
0
0
0
0
0
0
0
0
0
0
0
0
0
0
0
0
0
0
0
0
0
0
0
0
0
0
0
0
0
0
0
0
0
0
0
0
0
0
0
0
0
0
0
0
0
0
0
0
0
0
0
0
0
0
0
0
0
0
0
0
0
0
0
0
0
0
0
0
0
0
0
0
0
0
0
0
0
0
0
0
0
0
0
0
0
0
0
0
0
0
0
0
0
0
0
0
0
0
0
0
0
0
0
0
0
0
0
0
0
0
0
0
0
0
0
0
0
0
0
0
0
0
0
0
0
0
0
0
0
0
0
0
0
0
0
0
0
0
0
0
0
0
0
0
0
0
0
0
0
0
0
0
0
0
0
0
0
0
0
0
0
0
0
0
0
0
0
0
0
0
0
0
0
0
0
0
0
0
0
0
0
0
0
0
0
0
0
0
0
0
0
0
0
0
0
0
0
0
0
0
0
0
0
0
0
0
0
0
0
0
0
0
0
0
0
0
0
0
0
0
0
0
0
0
0
0
0
0
0
0
0
0
0
0
0
0
0
0
0
0
0
0
0
0
0
0
0
0
0
0
0
0
0
0
0
0
0
0
0
0
0
0
0
0
0
0
0
0
0
0
0
0
0
0
0
0
0
0
0
0
0
0
0
0
0
0
0
0
0
0
0
0
0
0
0
0
0
0
0
0
0
0
0
0
0
0
0
0
0
0
0
0
0
0
0
0
0
0
0
0
0
0
0
0
0
0
0
0
0
0
0
0
0
0
0
0
0
0
0
0
0
0
0
0
0
0
0
0
0
0
0
0
0
0
0
0
0
0
0
0
0
0
0
0
0
0
0
0
0
0
0
0
0
0
0
0
0
0
0
0
0
0
0
0
0
0
0
0
0
0
0
0
0
0
0
0
0
0
0
0
0
0
0
0
0
0
0
0
0
0
0
0
0
0
0
0
0
0
0
0
0
0
0
0
0
0
0
0
0
0
0
0
0
0
0
0
0
0
0
0
0
0
0
0
0
0
0
0
0
0
0
1
0
0
0
0
0
0
0
0
0
0
0
0
0
0
0
0
0
0
0
0
0
0
0
0
0
0
0
0
0
0
0
0
0
0
0
0
0
0
0
0
0
0
0
0
0
0
0
0
0
0
0
0
0
0
0
0
0
0
0
0
0
0
0
0
0
0
0
0
0
0
0
0
0
0
0
0
0
0
0
0
0
0
0
0
0
0
0
0
0
0
0
0
0
0
0
0
0
0
0
0
0
0
0
0
0
0
0
0
0
0
0
0
0
0
0
0
0
0
0
0
0
0
0
0
0
0
0
0
0
0
0
0
0
0
0
0
0
0
0
0
0
0
0
0
0
0
0
0
0
0
0
0
0
0
0
0
0
0
0
0
0
0
0
0
0
0
0
0
0
0
0
0
0
0
0
0
0
0
0
0
0
0
0
0
0
0
0
0
0
0
0
0
0
0
0
0
0
0
0
0
0
0
0
0
0
0
0
0
0
0
0
0
0
0
0
0
0
0
0
0
0
0
0
0
0
0
0
0
0
0
0
0
0
0
0
0
0
0
0
0
0
0
0
0
0
0
0
0
0
0
0
0
0
0
0
0
0
0
0
0
0
0
0
0
0
0
0
0
0
0
0
0
0
0
0
0
0
0
0
0
0
0
0
0
0
0
0
0
0
0
0
0
0
0
0
0
0
0
0
0
0
0
0
0
0
0
0
0
0
0
0
0
0
0
0
0
0
0
0
0
0
0
0
0
0
0
0
0
0
0
0
0
0
0
0
0
0
0
0
0
0
0
0
0
0
0
0
0
0
0
0
0
0
0
0
0
0
0
0
0
0
0
0
0
0
0
0
0
0
0
0
0
0
0
0
0
0
0
0
0
0
0
0
0
0
0
0
0
0
0
0
0
0
0
0
0
0
0
0
0
0
0
0
0
0
0
0
0
0
0
0
0
0
0
0
0
0
0
0
0
0
0
0
0
0
0
0
0
0
0
0
0
0
0
0
0
0
0
0
0
0
0
0
0
0
0
0
0
0
0
0
0
0
0
0
0
0
0
0
0
0
0
0
0
0
0
0
0
0
0
0
0
0
0
0
0
0
0
0
0
0
0
0
0
0
0
0
0
0
0
0
0
0
0
0
0
0
0
0
0
0
0
0
0
0
0
0
0
0
0
0
0
0
0
0
0
0
0
0
0
0
0
0
0
0
0
0
0
0
0
0
0
0
0
0
0
0
0
0
0
0
0
0
0
0
0
0
0
0
0
0
0
0
0
0
0
0
0
0
0
0
0
0
0
0
0
0
0
0
0
0
0
0
0
0
0
0
0
0
0
0
0
0
0
0
0
0
0
0
0
0
0
0
0
0
0
0
0
0
0
0
0
0
0
0
0
0
0
0
0
0
0
0
0
0
0
0
0
0
0
0
0
0
0
0
0
0
0
0
0
0
0
0
0
0
0
0
0
0
0
0
0
0
0
0
0
0
0
0
0
0
0
0
0
0
0
0
0
0
0
0
0
0
0
0
0
0
0
0
0
0
0
0
0
0
0
0
0
0
0
0
0
0
0
0
0
0
0
0
0
0
0
0
0
0
0
0
0
0
0
0
0
0
0
0
0
0
0
0
0
0
0
0
0
0
0
0
0
0
0
0
0
0
0
0
0
0
0
0
0
0
0
0
0
0
0
0
0
0
0
0
0
0
0
0
0
0
0
0
0
0
0
0
0
0
0
0
0
0
0
0
0
0
0
0
0
0
0
0
0
0
0
0
0
0
0
0
0
0
0
0
0
0
0
0
0
0
0
0
0
0
0
0
0
0
0
0
0
0
0
0
0
0
0
0
0
0
0
0
0
0
0
0
0
0
0
0
0
0
0
0
0
0
0
0
0
0
0
0
0
0
0
0
0
0
0
0
0
0
0
0
0
0
0
0
0
0
0
0
0
0
0
0
0
0
0
0
0
0
0
0
0
0
0
0
0
0
0
0
0
0
0
0
0
0
0
0
0
0
0
0
0
0
0
0
0
0
0
0
0
0
0
0
0
0
0
0
0
0
0
0
0
0
0
0
0
0
0
0
0
0
0
0
0
0
0
0
0
0
0
0
0
0
0
0
0
0
0
0
0
0
0
0
0
0
0
0
0
0
0
0
0
0
0
0
0
0
0
0
0
0
0
0
0
0
0
0
0
0
0
0
0
0
0
0
0
0
0
0
0
0
0
0
0
0
0
0
0
0
0
0
0
0
0
0
0
0
0
0
0
0
0
0
0
0
0
0
0
0
0
0
0
0
0
0
0
0
0
0
0
0
0
0
0
0
0
0
0
0
0
0
0
0
0
0
0
0
0
0
0
0
0
0
0
0
0
0
0
0
0
0
0
0
0
0
0
0
0
0
0
0
0
0
0
0
0
0
0
0
0
0
0
0
0
0
0
0
0
0
0
0
0
0
0
0
0
0
0
0
0
0
0
0
0
0
0
0
0
0
0
0
0
0
0
0
0
0
0
0
0
0
0
0
0
0
0
0
0
0
0
0
0
0
0
0
0
0
0
0
0
0
0
0
0
0
0
0
0
0
0
0
0
0
0
0
0
0
0
0
0
0
0
0
0
0
0
0
0
0
0
0
0
0
0
0
0
0
0
0
0
0
0
0
0
0
0
0
0
0
0
0
0
0
0
0
0
0
0
0
0
0
0
0
0
0
0
0
0
0
0
0
0
0
0
0
0
0
0
0
0
0
0
0
0
0
0
0
0
0
0
0
0
0
0
0
0
0
0
0
0
0
0
0
0
0
0
0
0
0
0
0
0
0
0
0
0
0
0
0
0
0
0
0
0
0
0
0
0
0
0
0
0
0
0
0
0
0
0
0
0
0
0
0
0
0
0
0
0
0
0
0
0
0
0
0
0
0
0
0
0
0
0
0
0
0
0
0
0
0
0
0
0
0
0
0
0
0
0
0
0
0
0
0
0
0
0
0
0
0
0
0
0
0
0
0
0
0
0
0
0
0
0
0
0
0
0
0
0
0
0
0
0
0
0
0
0
0
0
0
0
0
0
0
0
0
0
0
0
0
0
0
0
0
0
0
0
0
0
0
0
0
0
0
0
0
0
0
0
0
0
0
0
0
0
0
0
0
0
0
0
0
0
0
0
0
0
0
0
0
0
0
0
0
0
0
0
0
0
0
0
0
0
0
0
0
0
0
0
0
0
0
0
0
0
0
0
0
0
0
0
0
0
0
0
0
0
0
0
0
0
0
0
0
0
0
0
0
0
0
0
0
0
0
0
0
0
0
0
0
0
0
0
0
0
0
0
0
0
0
0
0
0
0
0
0
0
0
0
0
0
0
0
0
0
0
0
0
0
0
0
0
0
0
0
0
0
0
0
0
0
0
0
0
0
0
0
0
0
0
0
0
0
0
0
0
0
0
0
0
0
0
0
0
0
0
0
0
0
0
0
0
0
0
0
0
0
0
0
0
0
0
0
0
0
0
0
0
0
0
0
0
0
0
0
0
0
0
0
0
0
0
0
0
0
0
0
0
0
0
0
0
0
0
0
0
0
0
0
0
0
0
0
0
0
0
0
0
0
0
0
0
0
0
0
0
0
0
0
0
0
0
0
0
0
0
0
0
0
0
0
0
0
0
0
0
0
0
0
0
0
0
0
0
0
0
0
0
0
0
0
0
0
0
0
0
0
0
0
0
0
0
0
0
0
0
0
0
0
0
0
0
0
0
0
0
0
0
0
0
0
0
0
0
0
0
0
0
0
0
0
0
0
0
0
0
0
0
0
0
0
0
0
0
0
0
0
0
0
0
0
0
0
0
0
0
0
0
0
0
0
0
0
0
0
0
0
0
0
0
0
0
0
0
0
0
0
0
0
0
0
0
0
0
0
0
0
0
0
0
0
0
0
0
0
0
0
0
0
0
0
0
0
0
0
0
0
0
0
0
0
0
0
0
0
0
0
0
0
0
0
0
0
0
0
0
0
0
0
0
0
0
0
0
0
0
0
0
0
0
0
0
0
0
0
0
0
0
0
0
0
0
0
0
0
0
0
0
0
0
0
0
0
0
0
0
0
0
0
0
0
0
0
0
0
0
0
0
0
0
0
0
0
0
0
0
0
0
0
0
0
0
0
0
0
0
0
0
0
0
0
0
0
0
0
0
0
0
0
0
0
0
0
0
0
0
0
0
0
0
0
0
0
0
0
0
0
0
0
0
0
0
0
0
0
0
0
0
0
0
0
0
0
0
0
0
0
0
0
0
0
0
0
0
0
0
0
0
0
0
0
0
0
0
0
0
0
0
0
0
0
0
0
0
0
0
0
0
0
0
0
0
0
0
0
0
0
0
0
0
0
0
0
0
0
0
0
0
0
0
0
0
0
0
0
0
0
0
0
0
0
0
0
0
0
0
0
0
0
0
0
0
0
0
0
0
0
0
0
0
0
0
0
0
0
0
0
0
0
0
0
0
0
0
0
0
0
0
0
0
0
0
0
0
0
0
0
0
0
0
0
0
0
0
0
0
0
0
0
0
0
0
0
0
0
0
0
0
0
0
0
0
0
0
0
0
0
0
0
0
0
0
0
0
0
0
0
0
0
0
0
0
0
0
0
0
0
0
0
0
0
0
0
0
0
0
0
0
0
0
0
0
0
0
0
0
0
0
0
0
0
0
0
0
0
0
0
0
0
0
0
0
0
0
0
0
0
0
0
0
0
0
0
0
0
0
0
0
0
0
0
0
0
0
0
0
0
0
0
0
0
0
0
0
0
0
0
0
0
0
0
0
0
0
0
0
0
0
0
0
0
0
0
0
0
0
0
0
0
0
0
0
0
0
0
0
0
0
0
0
0
0
0
0
0
0
0
0
0
0
0
0
0
0
0
0
0
0
0
0
0
0
0
0
0
0
0
0
0
0
0
0
0
0
0
0
0
0
0
0
0
0
0
0
0
0
0
0
0
0
0
0
0
0
0
0
0
0
0
0
0
0
0
0
0
0
0
0
0
0
0
0
0
0
0
0
0
0
0
0
0
0
0
0
0
0
0
0
0
0
0
0
0
0
0
0
0
0
0
0
0
0
0
0
0
0
0
0
0
0
0
0
0
0
0
0
0
0
0
0
0
0
0
0
0
0
0
0
0
0
0
0
0
0
0
0
0
0
0
0
0
0
0
0
0
0
0
0
0
0
0
0
0
0
0
0
0
0
0
0
0
0
0
0
0
0
0
0
0
0
0
0
0
0
0
0
0
0
0
0
0
0
0
0
0
0
0
0
0
0
0
0
0
0
0
0
0
0
0
0
0
0
0
0
0
0
0
0
0
0
0
0
0
0
0
0
0
0
0
0
0
0
0
0
0
0
0
0
0
0
0
0
0
0
0
0
0
0
0
0
0
0
0
0
0
0
0
0
0
0
0
0
0
0
0
0
0
0
0
0
0
0
0
0
0
0
0
0
0
0
0
0
0
0
0
0
0
0
0
0
0
0
0
0
0
0
0
0
0
0
0
0
0
0
0
0
0
0
0
0
0
0
0
0
0
0
0
0
0
0
0
0
0
0
0
0
0
0
0
0
0
0
0
0
0
0
0
0
0
0
0
0
0
0
0
0
0
0
0
0
0
0
0
0
0
0
0
0
0
0
0
0
0
0
0
0
0
0
0
0
0
0
0
0
0
0
0
0
0
0
0
0
0
0
0
0
0
0
0
0
0
0
0
0
0
0
0
0
0
0
0
0
0
0
0
0
0
0
0
0
0
0
0
0
0
0
0
0
0
0
0
0
0
0
0
0
0
0
0
0
0
0
0
0
0
0
0
0
0
0
0
0
0
0
0
0
0
0
0
0
0
0
0
0
0
0
0
0
0
0
0
0
0
0
0
0
0
0
0
0
0
0
0
0
0
0
0
0
0
0
0
0
0
0
0
0
0
0
0
0
0
0
0
0
0
0
0
0
0
1
0
1
0
0
0
0
0
2
0
0
0
0
1
0
0
0
1
0
0
1
0
0
0
0
0
0
0
0
0
0
0
0
0
1
0
0
0
0
1
0
0
0
0
1
1
0
1
0
0
0
1
0
0
0
0
1
0
0
0
0
0
0
0
0
1
0
0
1
0
0
0
0
0
0
0
0
0
0
1
0
1
0
1
1
0
0
0
0
0
0
0
0
0
0
1
1
0
1
1
2
0
0
0
0
1
0
1
0
0
1
0
0
0
0
0
0
1
1
0
