0
0
0
0
0
0
0
0
0
0
0
0
0
0
0
0
0
0
0
0
0
0
0
0
0
0
0
0
0
0
0
0
0
0
0
0
0
0
0
0
0
0
0
0
0
0
0
0
0
0
0
0
0
0
0
0
0
0
0
0
0
0
0
0
0
0
0
0
0
0
0
0
0
0
0
0
0
0
0
0
0
0
0
0
0
0
0
0
0
0
0
0
0
0
0
0
0
0
0
0
0
0
0
0
0
0
0
0
0
0
0
0
0
0
0
0
0
0
0
0
0
0
0
0
0
0
0
0
0
0
0
0
0
0
0
0
0
0
0
0
0
0
1
3
1
2
5
4
1
0
0
0
0
0
0
0
0
0
1
0
0
0
1
2
4
10
18
36
47
30
30
42
25
35
38
35
35
37
41
36
37
27
30
49
33
38
49
39
41
32
36
41
43
45
34
37
39
39
41
33
38
40
46
42
34
59
32
37
39
33
42
42
43
42
40
44
32
39
32
33
38
37
27
30
38
31
39
46
46
35
53
45
37
37
35
31
44
42
49
30
37
47
51
45
45
45
36
46
44
42
42
40
47
43
36
38
38
47
40
42
43
49
49
38
51
49
53
49
47
46
49
44
46
53
52
43
49
55
52
36
53
50
56
54
47
50
53
49
67
67
60
62
57
71
55
64
40
61
63
65
68
64
57
56
50
53
71
58
65
56
57
55
57
68
50
73
89
54
66
44
68
56
64
62
65
44
66
59
54
57
57
61
58
60
54
55
62
70
45
66
59
72
77
57
53
43
57
50
64
43
68
47
61
48
58
73
61
73
60
59
47
63
60
48
61
67
61
69
38
45
50
54
60
51
69
76
67
74
68
50
47
43
51
51
59
63
55
38
49
66
50
58
68
53
59
73
52
55
56
56
66
51
57
71
62
62
57
62
68
55
50
75
59
69
68
60
54
66
65
59
61
72
65
53
66
62
56
72
58
53
61
59
69
56
67
61
54
49
53
57
68
64
74
58
50
73
53
62
61
76
62
58
52
53
61
60
60
58
65
55
50
76
64
64
71
63
57
62
70
51
49
67
57
60
55
54
67
46
70
54
74
64
61
62
60
69
56
56
67
61
70
68
56
44
67
45
77
67
62
62
76
65
61
49
56
69
55
66
64
57
74
70
66
64
66
57
75
66
54
63
65
67
62
54
59
46
53
55
67
61
62
51
53
69
59
72
73
47
58
61
72
58
78
59
66
52
54
62
69
57
59
62
64
55
55
61
65
80
49
66
70
68
57
58
71
55
72
58
57
78
85
66
70
96
88
75
76
59
65
88
63
82
74
83
72
81
73
70
75
73
75
72
82
98
89
79
82
96
63
96
71
90
82
86
76
71
88
85
87
92
98
82
103
83
81
79
80
85
101
89
84
79
83
84
86
92
98
86
89
79
76
100
83
85
93
103
91
75
65
76
74
77
83
69
80
84
71
91
76
88
78
67
87
95
75
81
63
85
78
72
65
77
77
69
64
104
79
87
76
79
80
73
85
78
63
74
80
82
70
71
72
63
82
70
68
74
69
85
62
79
83
64
80
84
66
69
86
84
72
61
69
74
76
72
71
69
56
79
65
59
84
52
59
63
74
79
75
57
58
58
68
64
75
77
56
57
58
71
66
72
64
58
63
62
78
70
63
77
70
76
55
51
68
59
63
63
62
57
53
47
57
67
59
50
59
61
52
48
59
73
63
60
52
60
64
62
56
67
51
57
63
51
49
61
54
61
61
61
56
58
57
62
62
60
59
75
57
52
57
45
42
58
79
44
74
56
56
50
55
55
35
51
63
54
65
51
65
68
51
53
62
49
53
49
49
60
51
43
42
58
48
47
51
46
50
51
49
46
43
62
54
40
57
37
40
60
41
55
42
50
54
58
47
57
45
45
43
45
51
49
41
40
52
53
60
30
45
47
41
58
53
44
35
54
44
45
48
46
49
36
31
43
49
46
41
35
39
40
42
59
41
46
43
52
48
38
47
51
46
40
45
47
54
49
42
46
48
47
39
48
36
40
39
39
39
47
45
40
48
35
36
43
39
44
53
39
46
53
49
37
31
42
32
39
45
39
50
51
45
40
46
42
33
49
52
40
28
49
43
58
47
43
39
46
29
49
55
46
47
52
33
52
44
38
50
38
47
50
71
44
43
43
61
42
50
35
48
43
37
49
49
45
50
51
44
41
44
31
39
43
49
44
39
44
44
36
45
49
39
35
44
40
42
40
46
26
35
49
35
37
53
36
47
47
33
34
35
29
46
39
46
35
31
45
47
38
29
42
46
33
29
31
39
36
40
32
41
36
39
45
28
41
24
40
22
31
37
46
28
33
42
37
36
39
17
35
24
38
36
36
40
22
36
36
37
37
40
32
22
34
32
38
27
26
26
39
27
28
31
42
26
34
30
22
23
25
29
37
35
36
27
28
23
25
30
29
21
33
23
38
26
23
35
37
34
28
29
26
31
24
22
27
24
16
20
19
15
18
23
29
15
23
18
22
20
30
20
25
19
23
34
16
25
32
17
21
29
23
12
18
23
19
28
22
19
24
18
14
13
26
15
20
20
15
23
17
11
18
17
17
24
14
27
23
19
20
18
18
18
20
24
20
20
14
18
18
17
18
19
24
21
10
18
12
19
11
21
26
18
22
15
19
15
15
18
20
19
23
10
19
18
13
21
14
22
13
14
19
15
15
11
20
21
16
22
20
17
14
17
19
21
20
14
9
11
17
16
13
21
20
15
14
16
13
17
14
7
13
15
11
12
15
21
15
11
16
16
16
11
14
15
7
15
13
18
11
11
14
13
14
13
11
14
19
19
16
12
10
14
19
18
18
16
16
19
18
14
11
16
8
10
10
10
3
15
9
17
15
12
14
8
9
18
9
12
21
20
14
11
13
14
8
9
14
14
10
16
14
11
12
11
9
10
16
8
22
9
11
14
16
13
15
19
13
11
13
20
8
16
18
11
17
13
6
14
11
9
12
14
17
15
10
16
12
13
12
12
16
9
13
20
15
14
9
16
10
6
12
13
14
9
8
11
12
10
17
21
14
11
17
12
9
13
17
11
11
17
9
10
10
16
18
14
14
14
10
15
18
18
12
15
14
11
10
13
11
10
13
12
16
7
17
13
14
9
11
13
15
8
10
16
15
13
9
12
19
16
6
13
17
10
18
16
13
22
17
9
10
10
13
15
15
10
18
12
15
10
13
21
13
20
16
18
15
16
16
24
10
12
18
15
12
24
15
16
19
17
17
18
15
20
8
20
17
17
21
18
15
22
23
19
17
20
7
11
18
20
15
19
25
27
23
19
22
15
29
20
23
17
24
29
23
26
25
27
24
27
28
25
26
23
37
27
23
30
33
34
36
37
39
38
35
39
37
48
45
48
53
48
52
42
37
45
57
55
50
56
60
48
64
59
72
82
68
67
56
73
81
85
74
81
77
86
93
103
79
98
77
101
87
108
99
106
87
102
114
132
112
102
126
133
121
123
141
109
124
109
138
120
128
125
141
119
153
136
135
141
152
159
133
158
146
161
175
132
155
172
166
190
179
165
169
185
175
183
191
175
199
200
184
174
169
193
200
209
174
205
213
185
216
192
195
197
191
183
163
191
190
204
186
181
194
194
222
232
225
190
212
191
226
214
202
188
198
183
191
210
201
189
204
169
202
211
180
179
194
156
176
188
197
185
167
187
198
181
154
143
168
137
146
158
144
167
162
146
166
150
124
133
138
161
162
157
172
139
121
124
116
130
110
117
119
111
106
101
109
101
98
105
81
103
88
100
76
79
91
85
69
81
96
81
73
74
59
78
75
61
71
44
64
61
53
49
58
46
47
57
47
47
36
44
34
39
39
46
39
25
29
33
32
20
30
25
35
33
24
23
26
18
20
18
20
21
22
23
26
17
24
19
21
20
20
18
15
11
23
13
12
14
12
16
9
14
11
8
8
17
4
5
12
6
4
6
8
7
13
11
9
6
8
8
10
4
7
9
7
14
4
4
4
8
6
6
8
7
12
6
6
5
7
15
7
5
5
2
6
11
6
4
5
5
8
3
5
8
8
5
8
13
4
5
4
8
6
8
7
7
7
5
10
6
2
12
5
5
3
7
6
6
4
5
5
4
6
5
10
6
5
6
7
3
9
7
10
9
3
13
10
5
4
8
5
12
9
8
9
6
9
8
7
8
6
4
7
7
7
9
4
6
10
4
3
4
5
6
6
3
9
7
3
7
8
11
7
7
10
2
11
5
4
7
4
13
10
9
7
7
6
5
7
5
6
5
5
8
3
9
8
6
9
4
9
4
7
7
3
8
7
2
8
9
7
6
5
3
8
12
7
6
4
5
7
5
5
6
4
4
5
9
6
6
11
4
11
8
3
6
2
9
4
5
6
4
9
10
9
8
5
9
4
7
5
7
5
5
6
7
9
3
5
11
9
7
7
6
5
8
5
3
3
8
4
1
4
9
5
5
4
4
4
8
8
6
4
4
8
8
5
4
6
6
5
6
6
3
8
13
4
5
8
4
7
1
4
6
7
3
9
6
6
7
6
8
5
8
5
4
7
4
5
5
1
6
6
7
4
13
8
5
7
3
8
12
9
9
3
9
10
9
11
3
6
6
4
4
9
4
3
4
6
3
5
5
10
5
4
5
5
6
5
7
9
8
5
6
3
4
6
5
7
5
6
6
7
9
6
6
4
13
7
6
6
7
9
5
10
8
8
7
4
5
5
3
8
7
10
3
10
5
6
6
6
3
4
5
5
6
5
3
6
4
7
13
5
3
3
8
6
10
12
7
7
6
6
9
6
3
5
6
5
7
6
7
7
5
6
7
5
6
7
11
8
4
7
4
6
8
7
9
3
6
9
3
8
6
9
7
7
6
5
7
2
5
5
8
1
3
4
9
7
4
3
11
9
7
6
6
9
7
6
9
6
7
6
16
7
9
7
4
7
1
8
5
6
9
4
9
7
4
6
10
3
7
5
9
10
5
6
13
4
10
9
8
6
6
5
8
10
5
1
6
6
4
1
5
7
3
7
7
7
5
5
8
6
9
6
9
5
6
4
4
8
5
2
5
5
6
4
10
5
10
5
7
7
1
8
4
3
7
8
8
4
5
8
8
7
8
5
9
4
4
0
6
5
7
7
6
4
5
8
5
2
9
2
5
10
7
10
12
6
8
3
6
10
11
6
4
8
7
6
6
8
7
4
4
5
3
8
1
7
10
10
10
10
4
2
6
8
10
3
5
2
7
7
5
5
8
3
6
6
7
3
7
7
9
7
8
6
8
7
5
4
8
10
7
3
5
6
6
7
3
3
7
7
8
9
9
3
6
6
12
4
5
9
7
4
10
8
4
8
6
6
3
6
5
11
4
9
8
10
7
4
8
8
5
3
7
5
6
4
5
4
11
3
5
7
4
7
3
2
7
2
6
5
8
7
1
6
4
7
15
4
6
12
3
7
5
1
3
7
9
7
8
2
6
7
5
5
5
6
2
7
6
12
9
6
4
8
5
5
10
6
6
7
8
7
6
7
5
3
8
7
10
9
2
9
5
6
8
8
5
3
5
10
3
1
6
8
6
6
6
6
8
6
4
6
8
11
2
11
6
6
4
8
5
3
6
2
1
5
8
4
7
6
11
8
11
9
5
6
10
10
5
4
8
10
7
7
6
12
3
12
4
3
6
7
8
6
6
13
3
5
5
5
5
6
2
8
9
6
9
9
3
7
8
6
7
6
11
6
8
8
6
7
1
6
6
10
2
10
3
7
5
5
14
4
7
5
7
3
5
6
5
7
7
7
6
5
8
4
4
13
3
7
8
6
7
7
7
11
4
4
11
6
8
7
5
9
7
8
7
9
7
5
5
10
6
6
5
6
4
6
6
7
4
6
6
7
4
6
12
7
3
2
5
15
9
5
6
9
9
6
6
10
13
10
4
11
10
7
4
9
6
4
4
7
2
3
8
10
6
5
2
6
7
9
5
5
3
9
6
6
10
7
7
4
3
6
11
6
9
5
13
6
8
8
8
9
3
7
5
6
8
5
5
5
7
5
7
12
7
8
8
11
8
4
8
3
9
7
3
12
12
4
5
3
10
12
7
4
8
7
5
8
8
8
5
7
2
13
5
9
6
7
9
7
6
9
9
2
8
5
7
6
8
4
7
8
12
8
7
7
2
5
4
8
6
13
9
7
8
8
7
2
9
8
5
9
3
8
7
10
13
2
5
9
9
6
3
5
5
7
7
10
10
4
7
8
10
11
10
9
8
6
9
9
5
11
5
8
8
3
7
10
12
12
12
9
11
7
5
4
8
9
5
8
7
5
9
2
5
5
11
6
4
14
8
7
6
5
5
7
3
9
4
3
13
8
7
13
7
7
12
5
9
10
7
5
7
14
8
16
4
12
8
6
10
8
4
5
8
3
11
9
9
12
6
9
6
9
10
8
9
4
9
3
9
10
5
6
5
7
5
9
9
7
4
5
6
11
7
11
9
13
2
8
10
9
11
8
7
3
7
7
9
3
11
5
6
3
8
8
14
10
7
5
13
9
7
9
7
6
5
8
10
9
3
7
9
6
11
5
9
9
2
8
9
8
4
5
7
7
7
9
12
8
3
11
10
10
9
9
8
15
4
6
4
12
9
7
5
5
8
7
7
11
14
8
11
6
15
6
6
5
6
4
3
17
12
8
8
8
8
6
6
8
11
10
8
6
6
12
9
9
4
8
11
10
3
7
6
10
11
5
6
6
13
8
12
10
9
10
9
3
9
6
9
5
7
7
13
9
10
8
7
5
8
6
10
4
6
8
6
7
9
6
7
4
9
5
4
5
4
3
4
5
7
9
3
12
7
7
8
6
6
6
5
11
6
12
7
4
6
9
6
8
9
7
12
4
5
2
3
6
5
10
4
6
6
3
5
4
2
4
12
7
10
9
3
11
11
3
4
11
1
2
8
3
8
5
7
9
3
3
5
3
10
6
8
6
5
5
6
7
6
7
4
7
3
5
4
2
9
3
5
0
6
3
4
10
7
4
2
3
4
2
7
7
5
4
8
7
6
6
6
5
2
5
6
4
7
2
5
3
4
7
6
6
3
2
6
7
6
7
5
3
4
5
3
3
4
3
4
2
7
4
2
6
8
2
2
6
3
7
3
2
3
2
1
5
8
6
4
4
4
5
1
6
5
4
1
3
3
2
3
1
2
1
3
8
4
1
4
6
5
2
3
4
0
3
5
4
1
4
0
5
7
3
5
2
4
4
2
3
4
5
4
6
2
4
5
0
4
4
0
3
0
1
0
3
5
3
0
2
3
3
3
4
2
3
2
0
4
5
1
7
7
9
0
2
2
2
6
4
5
6
0
2
4
3
1
1
4
4
1
2
4
1
0
2
4
0
2
3
2
3
4
2
2
0
1
2
0
1
2
1
3
5
3
0
0
4
2
3
2
1
1
2
3
4
4
2
3
1
0
2
1
4
4
3
1
2
2
3
2
3
1
1
1
2
1
2
4
5
1
2
3
3
4
1
1
1
1
0
4
1
3
1
4
1
1
1
3
4
3
2
1
2
3
2
2
3
4
2
2
0
3
4
1
2
1
2
3
3
1
1
3
2
0
1
0
2
1
0
1
1
3
2
1
4
2
1
2
1
1
3
0
3
0
4
2
1
0
2
1
2
1
3
2
1
1
0
1
1
1
1
1
0
2
2
1
0
0
0
1
0
0
0
3
2
1
2
0
3
2
1
1
0
1
1
0
1
0
0
1
0
0
2
0
2
0
1
1
2
1
4
1
2
3
0
2
1
1
0
3
1
0
1
1
1
2
2
4
2
2
2
2
2
1
1
0
1
2
4
0
1
2
1
0
0
1
1
1
0
0
2
1
3
1
2
1
2
0
1
0
1
2
0
0
0
3
1
0
2
0
2
2
3
1
3
2
0
0
0
2
2
0
2
0
2
1
1
1
2
2
1
1
3
0
0
2
3
1
3
1
2
2
2
4
2
3
4
1
2
1
2
4
1
1
2
3
2
3
2
3
3
1
2
6
0
3
5
5
3
1
3
3
2
2
3
5
4
6
2
5
0
2
2
9
1
6
2
2
8
6
2
2
4
6
5
7
8
8
2
0
2
8
5
6
3
8
7
5
8
4
10
4
9
2
5
11
8
1
6
6
6
9
6
6
7
4
8
7
6
9
9
9
3
5
6
7
5
12
10
9
7
8
14
7
8
6
12
9
8
10
17
8
6
10
11
8
11
12
15
10
5
13
13
15
7
18
14
15
10
16
10
18
10
15
12
18
15
10
10
9
17
18
14
17
16
20
23
20
17
15
17
15
21
21
18
15
16
16
16
15
21
20
22
21
19
22
17
19
27
25
22
15
30
24
18
19
19
19
21
17
23
19
20
20
23
33
21
28
21
15
25
25
20
30
23
18
30
22
22
23
22
24
31
20
21
25
24
28
26
23
15
22
25
33
24
35
18
36
23
26
18
22
33
24
28
27
24
20
23
23
35
17
25
30
19
25
28
32
20
42
31
31
20
30
31
29
23
26
25
24
33
22
29
26
22
17
23
37
31
28
22
25
24
26
25
23
25
17
23
25
22
24
23
27
35
18
17
27
20
23
20
27
21
28
21
27
31
27
21
26
20
21
27
21
23
26
25
23
21
27
28
19
18
15
14
22
22
19
27
7
25
18
15
25
13
14
17
16
8
17
16
15
11
13
7
18
17
12
15
16
13
13
14
14
14
12
13
19
16
11
11
11
12
7
11
12
7
11
8
15
8
11
14
12
10
10
9
7
14
12
12
13
11
20
11
6
8
12
10
10
4
7
9
3
9
8
8
11
8
6
13
4
5
6
6
2
5
10
4
3
5
8
3
5
7
3
5
3
6
5
4
7
4
7
0
7
5
9
7
6
6
4
3
5
1
4
1
3
5
5
5
2
3
4
7
3
3
2
3
3
3
2
2
2
2
1
4
2
2
2
2
2
0
2
0
1
2
2
2
1
2
1
3
5
2
1
1
0
1
1
1
4
2
0
2
1
1
1
1
2
0
1
0
0
0
1
5
2
1
1
0
2
2
4
0
2
0
0
0
2
1
0
0
2
3
1
2
2
2
0
0
0
0
1
0
0
1
1
1
0
2
1
0
0
0
0
0
1
2
0
0
0
0
0
0
0
0
1
0
0
0
0
1
0
0
1
1
0
0
0
0
0
1
0
0
1
0
0
1
1
0
0
1
0
0
0
0
1
0
0
0
0
0
1
0
0
1
1
0
1
0
0
1
0
0
1
0
0
1
0
0
1
0
0
0
1
0
0
0
0
0
0
0
0
1
0
0
0
0
0
1
0
1
1
0
1
0
1
0
0
0
1
0
0
1
0
0
0
0
0
0
0
0
0
0
0
0
0
0
0
0
0
0
1
0
1
0
0
1
0
0
1
0
1
1
1
1
0
1
0
0
0
0
0
1
0
1
0
0
0
0
0
1
0
1
0
0
0
0
1
2
1
0
0
0
0
0
2
1
0
0
1
1
0
0
1
0
0
2
1
1
0
1
0
0
0
1
1
0
0
0
0
0
0
1
0
0
0
0
0
0
1
2
1
0
1
0
0
0
1
0
1
1
0
0
0
0
0
0
0
0
1
0
0
1
1
0
1
1
0
0
0
0
0
0
0
0
1
0
0
0
0
0
0
0
0
2
1
1
1
0
0
0
0
0
0
0
1
0
0
0
0
0
1
0
0
0
2
2
0
0
0
0
1
1
1
1
0
0
0
1
0
0
1
0
0
0
0
0
1
0
0
1
0
0
1
0
1
0
0
0
0
0
0
1
0
2
1
0
0
0
0
1
2
1
0
0
0
0
0
1
0
1
2
0
0
1
0
0
1
0
0
0
0
2
0
0
0
0
2
0
2
0
0
0
0
0
0
0
1
1
0
0
1
0
2
1
1
0
0
0
0
0
0
0
0
0
0
0
0
0
0
0
0
0
0
0
1
0
0
0
0
0
0
0
0
0
0
0
0
0
0
0
1
0
1
0
1
1
0
1
1
0
0
0
1
0
0
0
0
0
0
1
0
0
0
0
0
1
0
0
1
0
0
0
0
0
0
1
0
0
0
0
1
0
0
0
0
1
1
0
0
0
0
0
0
0
0
0
1
0
0
0
0
0
0
0
0
0
0
0
0
0
0
0
0
0
0
0
0
1
1
1
0
1
0
0
0
0
0
0
0
0
0
0
0
0
0
0
0
0
0
0
0
0
0
0
0
0
1
0
0
0
0
0
0
0
0
0
0
0
0
0
0
0
0
0
0
0
0
0
0
1
1
1
0
0
0
0
0
0
0
0
1
0
0
0
0
0
0
0
0
0
0
0
0
0
1
1
0
0
0
0
0
0
0
0
0
1
0
0
0
1
0
0
0
0
1
0
0
0
0
0
0
0
1
0
0
0
0
0
1
0
0
0
0
1
0
0
0
0
0
0
0
0
0
0
0
1
0
0
0
0
0
0
1
0
0
0
0
0
0
0
0
0
0
0
0
0
0
1
0
1
0
0
0
1
0
0
1
0
0
0
0
0
0
0
0
0
0
0
0
0
0
1
0
1
0
0
0
0
0
0
0
0
0
0
0
0
0
1
0
0
0
0
0
1
0
0
0
0
0
0
0
0
0
0
0
0
0
0
0
0
0
0
0
0
0
0
0
1
0
0
0
0
0
0
0
0
0
0
0
0
0
1
0
0
0
0
0
0
0
0
0
0
0
1
0
0
0
0
0
0
0
0
0
0
0
0
1
1
0
0
0
0
1
0
0
0
0
0
1
0
0
0
0
0
0
0
0
0
0
0
0
0
0
0
0
1
0
0
0
0
0
0
0
0
0
0
0
0
0
0
0
0
0
0
0
0
0
0
0
0
0
0
1
0
0
0
0
0
0
0
0
0
0
0
0
0
0
0
0
0
0
0
0
0
0
0
1
0
0
0
0
0
0
0
0
0
0
0
0
0
0
0
1
0
0
0
0
0
0
0
0
0
0
0
0
0
0
1
0
0
0
0
0
0
0
0
0
0
0
0
0
0
0
0
0
0
0
0
0
0
0
0
0
1
0
0
0
0
0
0
0
0
0
0
0
0
0
0
0
0
0
0
0
0
0
0
0
0
0
0
1
0
0
0
0
0
0
0
0
0
0
0
0
0
0
0
0
0
0
0
0
1
0
0
0
0
1
0
0
0
0
0
0
0
0
0
0
0
0
0
0
0
0
0
0
0
0
0
0
0
0
0
0
1
0
0
0
0
1
0
0
1
0
0
0
1
0
0
0
0
0
0
0
0
0
1
0
1
0
1
0
0
0
0
0
0
1
0
0
0
0
0
0
0
0
0
0
0
0
0
1
0
0
0
0
0
0
1
0
0
0
1
0
1
0
0
0
0
0
0
0
1
0
0
0
0
0
0
0
0
0
1
0
0
0
0
0
0
0
0
0
0
0
0
0
0
0
0
0
0
0
0
0
0
0
0
0
0
0
0
0
0
0
0
0
0
0
0
0
0
0
0
0
0
0
0
1
0
0
0
0
0
0
0
0
0
0
1
0
1
0
0
1
0
0
1
0
0
0
0
0
0
0
0
0
1
0
0
0
0
0
0
0
2
0
0
0
0
0
0
0
0
1
0
0
0
0
0
0
0
0
0
0
0
0
0
1
0
0
0
1
0
1
0
0
0
0
0
0
1
0
1
0
0
0
0
0
1
0
0
0
0
0
0
1
0
0
0
0
0
0
2
0
0
0
0
0
0
0
0
0
0
0
0
0
0
0
0
1
0
0
0
0
0
0
1
1
0
0
0
1
0
0
1
0
0
0
1
0
0
0
0
0
0
0
0
1
0
0
0
0
0
0
0
0
0
0
0
0
0
0
1
0
0
0
0
0
0
1
0
0
0
0
1
0
0
1
0
0
0
0
0
0
1
0
0
0
0
0
1
0
0
1
0
0
0
0
0
0
0
2
0
0
0
0
0
0
0
0
0
0
0
0
0
1
0
0
0
0
0
0
0
0
0
0
0
0
0
0
0
0
0
0
0
0
0
1
0
0
0
0
0
0
1
1
0
0
0
0
0
0
0
0
1
0
1
0
0
0
0
0
0
0
0
0
0
1
0
0
0
1
0
0
0
0
1
0
1
0
1
0
0
0
0
0
0
0
0
0
0
0
0
0
0
0
0
0
0
0
0
0
0
0
0
0
0
0
0
0
0
0
0
0
0
0
0
0
0
0
1
0
1
0
0
1
0
0
0
0
0
0
0
0
1
0
0
0
0
0
0
0
0
0
0
0
0
0
0
0
0
0
0
0
0
0
1
0
0
0
0
1
0
0
0
0
0
0
0
0
0
0
0
0
0
0
0
0
0
0
0
0
0
0
1
0
0
0
0
0
0
0
0
0
0
0
0
0
0
0
0
0
0
0
0
0
0
0
0
0
0
0
1
0
0
0
0
0
0
0
0
0
0
0
0
0
0
0
0
0
0
0
0
0
0
0
0
0
0
0
0
0
0
0
0
0
0
0
0
0
0
0
0
0
0
0
0
0
0
0
0
0
0
0
0
0
0
0
0
1
0
0
0
0
0
0
0
0
0
0
0
0
0
0
0
0
0
0
0
0
0
0
0
0
0
1
0
0
0
0
0
0
0
0
0
0
0
0
0
0
0
0
0
0
0
0
0
0
0
0
0
0
0
0
0
0
0
0
0
0
0
0
0
0
0
0
0
0
1
0
0
0
0
0
0
0
0
0
0
0
0
0
0
0
0
0
0
0
0
0
0
0
0
0
0
0
0
0
0
0
0
0
0
0
0
0
0
1
0
1
0
0
0
0
0
0
0
0
0
0
0
0
0
0
0
0
0
0
0
0
0
1
1
0
0
0
0
0
0
0
0
0
0
0
0
0
0
0
0
0
0
0
0
0
0
0
0
1
0
0
0
0
0
0
0
0
0
0
0
0
0
0
0
0
0
0
0
0
0
1
0
0
0
0
0
0
0
0
0
0
0
0
0
0
0
0
0
0
0
0
0
0
0
0
0
0
0
0
0
0
0
0
0
1
0
0
0
0
0
0
0
0
0
0
0
0
0
0
0
0
0
0
0
0
0
0
0
0
0
0
0
0
0
0
0
0
0
0
0
1
0
0
0
0
0
0
0
0
0
0
0
0
0
0
0
0
0
0
0
0
0
0
0
0
0
0
0
0
0
0
0
0
0
0
0
0
0
0
0
1
0
0
0
0
0
0
1
0
1
0
0
0
0
0
0
0
0
0
0
0
0
0
0
1
0
0
0
0
0
0
0
0
0
0
0
0
0
0
0
0
0
0
0
0
0
0
0
0
0
0
0
0
0
1
0
0
0
0
0
0
0
0
0
0
0
0
0
1
0
0
0
0
0
0
0
0
0
0
0
0
0
0
0
0
0
0
0
0
0
0
0
0
0
0
0
1
0
0
0
0
0
0
0
0
0
0
0
0
0
0
0
0
0
0
0
0
0
0
0
0
0
0
0
0
0
0
0
0
0
0
0
0
0
0
0
0
0
0
1
0
0
0
0
0
0
0
0
0
0
0
0
0
0
0
0
0
0
0
0
0
0
1
0
0
0
0
0
0
0
0
0
0
0
1
0
0
0
0
0
0
0
1
0
0
0
0
0
0
0
0
0
0
0
0
0
0
0
0
0
0
0
0
0
0
0
0
0
0
0
0
1
0
0
0
0
0
0
0
0
0
0
0
0
0
0
0
0
0
0
0
0
0
0
0
0
1
0
0
0
0
0
0
0
0
0
0
1
0
0
0
0
0
0
0
0
0
0
0
0
0
0
0
0
0
0
0
0
1
0
0
0
0
0
0
0
0
0
0
0
0
0
0
0
0
0
0
0
0
0
0
0
0
0
0
0
0
0
0
0
0
0
0
0
0
0
0
0
0
0
0
0
0
0
1
0
0
0
0
0
1
0
0
0
0
0
0
0
0
0
0
0
0
0
0
0
0
0
0
0
0
0
0
0
0
0
0
0
0
0
0
0
0
0
0
0
0
0
0
0
0
0
0
0
0
0
0
0
0
0
0
0
0
0
0
0
0
0
0
0
0
0
0
0
0
0
0
0
0
0
0
0
0
0
0
0
0
0
0
0
0
0
0
0
0
0
0
0
0
0
0
0
0
0
0
0
0
0
0
0
0
0
0
0
0
0
0
0
0
0
1
0
0
0
0
0
0
0
1
0
0
0
0
0
0
0
0
0
0
0
0
0
0
0
0
0
0
0
0
0
0
0
0
0
0
0
0
0
0
0
0
0
0
0
0
0
0
0
0
0
0
0
0
0
0
0
0
0
0
0
0
0
0
0
0
0
0
0
0
0
0
0
0
0
0
0
0
0
0
0
0
0
0
0
0
0
0
0
0
0
0
0
0
0
0
0
0
0
0
0
0
0
0
0
0
0
0
0
0
0
0
0
0
0
0
0
0
0
0
0
0
0
0
0
0
0
0
1
0
0
0
0
0
0
0
0
0
0
1
0
1
0
0
0
0
0
0
0
0
0
0
0
0
0
0
0
0
0
0
0
0
0
0
0
0
0
0
0
0
0
0
0
0
0
0
0
0
0
0
0
0
0
0
0
0
0
0
0
0
0
0
0
0
0
0
0
0
0
0
0
0
0
0
0
0
0
0
0
0
0
0
0
0
0
0
0
0
1
0
0
0
0
0
0
0
0
0
0
0
0
0
0
0
0
0
0
0
0
0
0
0
0
1
0
0
0
0
0
0
0
0
0
0
1
0
0
0
0
0
0
0
0
0
0
0
0
0
0
0
0
0
0
0
0
0
0
1
0
0
0
0
0
0
0
0
0
0
0
0
0
0
0
0
0
0
0
0
0
0
0
0
0
0
0
0
0
0
0
0
0
0
0
0
0
0
0
0
0
0
0
0
0
0
0
0
0
0
0
0
0
0
0
0
0
0
0
0
1
0
0
0
0
0
0
0
0
0
0
0
2
0
0
0
0
0
0
0
0
0
0
0
0
0
0
0
0
0
0
0
0
0
0
0
0
0
0
0
0
0
0
0
0
0
0
0
0
0
0
0
0
0
0
0
0
0
0
0
0
0
0
0
0
0
0
0
0
0
0
0
0
0
0
0
0
0
0
0
0
0
0
0
0
0
0
0
0
0
0
0
0
0
0
0
0
0
0
0
0
0
0
0
0
0
0
0
0
1
0
0
0
0
0
0
0
0
0
0
0
0
0
0
0
0
0
0
0
0
0
0
0
0
0
0
0
0
0
0
1
0
0
0
0
0
0
0
0
0
0
0
0
0
0
0
0
0
0
0
0
0
0
0
0
0
0
0
0
0
0
0
0
0
0
0
0
0
0
0
0
0
0
0
0
0
0
0
0
0
0
0
0
0
0
0
0
0
0
0
0
0
0
0
0
0
0
0
0
0
1
0
0
0
0
0
0
0
0
0
0
0
0
0
0
0
0
0
0
0
0
0
0
0
0
0
0
0
0
0
0
0
0
0
0
0
0
0
0
0
0
0
0
0
0
0
0
0
0
0
0
0
0
0
0
0
0
0
0
0
0
0
0
0
0
0
0
0
0
0
0
0
0
0
0
0
0
0
0
0
0
0
0
0
0
0
0
0
0
0
0
0
0
1
0
0
0
0
0
0
0
0
0
0
0
0
0
0
0
0
0
0
0
0
0
0
0
0
0
0
0
0
0
0
0
0
0
0
0
0
0
0
0
0
0
0
0
0
0
0
0
0
0
0
0
0
0
0
0
0
0
0
0
0
0
0
0
0
0
0
0
0
0
0
0
0
0
0
0
0
0
0
0
0
0
0
0
0
0
0
0
0
0
0
0
0
0
0
0
0
0
0
0
0
0
0
0
0
0
0
0
0
0
0
0
0
0
0
0
0
0
0
0
0
0
0
0
0
0
0
0
0
0
0
0
0
0
0
0
0
0
0
0
0
0
0
0
0
0
0
0
0
0
0
0
0
0
0
0
0
0
0
0
0
0
0
0
0
0
0
0
0
0
0
0
0
0
0
0
0
0
1
0
0
0
0
0
0
0
0
0
0
0
0
0
0
0
0
0
0
0
0
0
0
0
0
0
0
0
1
0
0
0
0
0
0
0
0
0
0
0
0
0
0
0
0
0
0
0
0
0
0
0
0
0
0
0
0
0
0
0
0
0
0
0
0
0
0
0
0
0
0
0
0
0
0
0
0
0
0
0
0
0
0
0
0
0
0
0
0
0
0
0
0
0
0
0
1
0
0
0
0
0
0
0
0
0
0
0
0
0
0
0
0
0
0
0
0
0
0
0
0
0
0
0
0
0
0
0
0
0
0
0
0
0
1
0
0
0
0
0
0
0
0
0
0
0
0
0
0
0
0
0
0
0
0
0
0
0
0
0
0
0
0
0
0
0
0
0
0
0
0
0
0
0
0
0
0
0
0
1
0
0
0
0
0
0
0
0
0
0
0
0
0
0
0
0
0
0
0
0
0
1
0
0
0
1
0
0
0
0
0
0
0
0
0
0
0
0
0
1
0
0
0
0
0
0
0
0
0
0
0
0
0
0
0
0
0
1
0
0
0
0
0
0
0
0
0
0
0
0
0
0
0
0
0
0
0
0
0
0
0
0
0
0
0
0
0
0
0
0
0
0
0
0
0
0
0
0
0
0
0
0
0
0
0
0
0
0
0
0
0
0
0
0
0
0
0
0
0
0
0
0
0
0
0
0
0
0
0
0
0
0
0
0
0
0
0
0
0
0
0
0
0
0
0
0
0
0
0
1
0
0
0
0
0
0
0
0
0
0
0
0
0
0
0
0
0
0
0
0
0
0
0
0
0
0
0
0
0
0
0
0
0
0
0
0
0
1
0
0
0
0
0
0
0
0
0
0
0
0
0
1
1
0
0
0
0
0
0
0
0
0
0
0
0
0
0
0
0
0
0
0
0
0
0
0
0
0
0
0
0
0
0
0
0
0
0
0
0
0
0
0
0
0
0
0
0
0
0
0
0
0
0
0
0
0
0
0
0
0
0
0
0
0
0
0
0
0
0
0
0
0
0
0
0
0
0
1
0
0
0
0
0
0
0
0
0
0
0
0
0
0
0
0
0
0
0
0
0
0
0
0
0
0
0
0
0
0
0
0
0
0
0
0
0
0
0
0
0
0
0
0
0
0
0
0
0
0
0
1
0
0
0
0
0
0
0
0
0
0
0
0
0
0
0
0
0
0
0
0
0
0
0
0
0
0
0
0
0
0
0
0
0
0
0
0
0
0
0
0
0
0
0
0
0
0
0
0
0
0
0
0
0
0
0
0
0
0
0
0
0
0
0
0
0
0
0
0
0
0
0
0
0
0
0
0
0
0
0
0
0
0
0
0
0
0
0
0
0
0
0
0
0
0
0
0
0
0
0
0
0
0
0
0
0
0
0
0
0
0
0
0
0
0
0
0
0
0
0
0
0
0
0
0
0
0
0
0
0
0
0
0
0
0
0
0
0
0
0
0
0
0
0
0
0
0
0
0
0
0
0
0
0
0
0
0
0
0
0
0
0
0
0
0
0
0
0
0
0
0
0
0
0
0
0
0
0
0
0
0
0
0
0
0
0
0
0
0
0
0
0
0
0
0
0
0
0
0
0
0
0
0
0
0
0
0
0
0
0
0
0
0
0
0
0
0
0
0
0
0
0
0
0
0
0
0
0
0
0
0
0
0
0
0
0
0
0
0
0
0
0
0
0
0
0
0
0
0
0
0
0
0
0
0
0
0
0
0
0
0
0
0
0
0
0
0
0
0
0
0
0
0
0
0
0
0
0
0
0
0
0
0
0
0
0
0
0
0
0
0
0
0
0
0
0
0
0
0
0
0
0
0
0
0
0
0
0
0
0
0
0
0
0
0
0
0
0
0
0
0
0
0
0
0
0
0
0
0
0
0
0
0
0
0
0
0
0
0
0
0
0
0
0
0
0
0
0
0
0
0
0
0
0
0
0
0
0
0
0
0
0
0
0
0
0
0
0
0
0
0
0
0
0
0
0
0
0
0
0
0
0
0
0
0
0
0
0
0
0
0
0
0
0
0
0
0
0
0
0
0
0
0
0
0
0
0
0
0
0
0
0
0
0
0
0
0
0
0
0
0
0
0
0
0
0
0
0
0
0
0
0
0
0
0
0
0
0
0
0
1
0
1
0
2
0
0
1
0
0
1
0
2
1
1
0
0
1
0
0
0
0
0
0
0
0
0
1
2
0
0
0
0
0
0
0
0
1
0
1
0
0
0
0
1
0
0
0
0
0
1
0
1
0
1
0
0
1
0
0
0
0
0
1
0
0
0
0
0
0
0
0
0
0
0
1
0
0
0
1
1
0
0
1
0
0
0
0
0
1
1
0
0
0
0
0
1
1
0
0
0
1
1
0
0
1
0
0
0
0
0
0
1
0
1
1
2
0
0
